0.000000e+00	5.160389e+00	5.718053e+00	4.794332e+00
5.000000e-02	5.507150e+00	5.718053e+00	4.673748e+00
1.000000e-01	5.986930e+00	5.718053e+00	5.084072e+00
1.500000e-01	6.291023e+00	5.718053e+00	5.905096e+00
2.000000e-01	6.166203e+00	5.718053e+00	6.736331e+00
2.500000e-01	5.708375e+00	5.718053e+00	6.951768e+00
3.000000e-01	5.299442e+00	5.718053e+00	6.359054e+00
3.500000e-01	5.228813e+00	5.718053e+00	5.478182e+00
4.000000e-01	5.524170e+00	5.718053e+00	4.866700e+00
4.500000e-01	5.994322e+00	5.718053e+00	4.750461e+00
5.000000e-01	6.316681e+00	5.718053e+00	5.158063e+00
5.500000e-01	6.225170e+00	5.718053e+00	5.959527e+00
6.000000e-01	5.750876e+00	5.718053e+00	6.733423e+00
6.500000e-01	5.237419e+00	5.718053e+00	6.883049e+00
7.000000e-01	5.062286e+00	5.718053e+00	6.279044e+00
7.500000e-01	5.379813e+00	5.718053e+00	5.434744e+00
8.000000e-01	6.028152e+00	5.718053e+00	4.860767e+00
8.500000e-01	6.559706e+00	5.718053e+00	4.750900e+00
9.000000e-01	6.546670e+00	5.718053e+00	5.105813e+00
9.500000e-01	5.974859e+00	5.718053e+00	5.737179e+00
1.000000e+00	5.198029e+00	5.718053e+00	6.150901e+00
1.050000e+00	4.632117e+00	5.718053e+00	5.931661e+00
1.100000e+00	4.557285e+00	5.718053e+00	5.476620e+00
1.150000e+00	5.081186e+00	5.718053e+00	5.518502e+00
1.200000e+00	6.124026e+00	5.718053e+00	6.133405e+00
1.250000e+00	7.179346e+00	5.718053e+00	6.650589e+00
1.300000e+00	7.352327e+00	5.718053e+00	6.520478e+00
1.350000e+00	6.450050e+00	5.718053e+00	5.891994e+00
1.400000e+00	5.274304e+00	5.718053e+00	5.005618e+00
1.450000e+00	4.491083e+00	5.718053e+00	4.049872e+00
1.500000e+00	4.286472e+00	5.718053e+00	3.570430e+00
1.550000e+00	4.621796e+00	5.718053e+00	4.138850e+00
1.600000e+00	5.310591e+00	5.718053e+00	6.735186e+00
1.650000e+00	6.058671e+00	5.718053e+00	9.760225e+00
1.700000e+00	6.765574e+00	5.718053e+00	9.050824e+00
1.750000e+00	7.370781e+00	5.718053e+00	6.228159e+00
1.800000e+00	7.147693e+00	5.718053e+00	4.216312e+00
1.850000e+00	6.052617e+00	5.718053e+00	3.006944e+00
1.900000e+00	4.953598e+00	5.718053e+00	2.592079e+00
1.950000e+00	4.274789e+00	5.718053e+00	3.356156e+00
2.000000e+00	3.941924e+00	5.718053e+00	6.325170e+00
2.050000e+00	3.950908e+00	5.718053e+00	1.042976e+01
2.100000e+00	4.698584e+00	5.718053e+00	1.016660e+01
2.150000e+00	7.159222e+00	5.718053e+00	6.660214e+00
2.200000e+00	9.893735e+00	5.718053e+00	4.143381e+00
2.250000e+00	8.702827e+00	5.718053e+00	2.768987e+00
2.300000e+00	5.786123e+00	5.718053e+00	2.499613e+00
2.350000e+00	3.919432e+00	5.718053e+00	3.598121e+00
2.400000e+00	2.967440e+00	5.718053e+00	6.337752e+00
2.450000e+00	2.627843e+00	5.718053e+00	9.420756e+00
2.500000e+00	3.195827e+00	5.718053e+00	9.417983e+00
2.550000e+00	6.044439e+00	5.718053e+00	6.955801e+00
2.600000e+00	1.093424e+01	5.718053e+00	4.723322e+00
2.650000e+00	1.074414e+01	5.718053e+00	3.353075e+00
2.700000e+00	6.545842e+00	5.718053e+00	3.167696e+00
2.750000e+00	3.965430e+00	5.718053e+00	4.189764e+00
2.800000e+00	2.922058e+00	5.718053e+00	6.119903e+00
2.850000e+00	2.668447e+00	5.718053e+00	7.899384e+00
2.900000e+00	3.371259e+00	5.718053e+00	8.021256e+00
2.950000e+00	5.929716e+00	5.718053e+00	6.799145e+00
3.000000e+00	9.699365e+00	5.718053e+00	5.591030e+00
3.050000e+00	9.842277e+00	5.718053e+00	4.831985e+00
3.100000e+00	6.685479e+00	5.718053e+00	4.608460e+00
3.150000e+00	4.400068e+00	5.718053e+00	4.860515e+00
3.200000e+00	3.539562e+00	5.718053e+00	5.422248e+00
3.250000e+00	3.643032e+00	5.718053e+00	6.076602e+00
3.300000e+00	4.648077e+00	5.718053e+00	6.554146e+00
3.350000e+00	6.495433e+00	5.718053e+00	6.646157e+00
3.400000e+00	8.037888e+00	5.718053e+00	6.329558e+00
3.450000e+00	7.677916e+00	5.718053e+00	5.785954e+00
3.500000e+00	6.094264e+00	5.718053e+00	5.302811e+00
3.550000e+00	4.820073e+00	5.718053e+00	5.081119e+00
3.600000e+00	4.320307e+00	5.718053e+00	5.182769e+00
3.650000e+00	4.547827e+00	5.718053e+00	5.566883e+00
3.700000e+00	5.397753e+00	5.718053e+00	6.081666e+00
3.750000e+00	6.528123e+00	5.718053e+00	6.448546e+00
3.800000e+00	7.154939e+00	5.718053e+00	6.395161e+00
3.850000e+00	6.761460e+00	5.718053e+00	5.935877e+00
3.900000e+00	5.825456e+00	5.718053e+00	5.402938e+00
3.950000e+00	5.068273e+00	5.718053e+00	5.114517e+00
4.000000e+00	4.796901e+00	5.718053e+00	5.182782e+00
4.050000e+00	5.036750e+00	5.718053e+00	5.553427e+00
4.100000e+00	5.677552e+00	5.718053e+00	6.030907e+00
4.150000e+00	6.401435e+00	5.718053e+00	6.299694e+00
4.200000e+00	6.709344e+00	5.718053e+00	6.130184e+00
4.250000e+00	6.368522e+00	5.718053e+00	5.658653e+00
4.300000e+00	5.688644e+00	5.718053e+00	5.274651e+00
4.350000e+00	5.116359e+00	5.718053e+00	5.243551e+00
4.400000e+00	4.891151e+00	5.718053e+00	5.567997e+00
4.450000e+00	5.083039e+00	5.718053e+00	6.038906e+00
4.500000e+00	5.656128e+00	5.718053e+00	6.328590e+00
4.550000e+00	6.369455e+00	5.718053e+00	6.191159e+00
4.600000e+00	6.730727e+00	5.718053e+00	5.694180e+00
4.650000e+00	6.425628e+00	5.718053e+00	5.199891e+00
4.700000e+00	5.711164e+00	5.718053e+00	5.071916e+00
4.750000e+00	5.048541e+00	5.718053e+00	5.435345e+00
4.800000e+00	4.721024e+00	5.718053e+00	6.095358e+00
4.850000e+00	4.878704e+00	5.718053e+00	6.587151e+00
4.900000e+00	5.599319e+00	5.718053e+00	6.510668e+00
4.950000e+00	6.639286e+00	5.718053e+00	5.899121e+00
5.000000e+00	7.192479e+00	5.718053e+00	5.125881e+00
5.050000e+00	6.707423e+00	5.718053e+00	4.599535e+00
5.100000e+00	5.653218e+00	5.718053e+00	4.582238e+00
5.150000e+00	4.694705e+00	5.718053e+00	5.165959e+00
5.200000e+00	4.128009e+00	5.718053e+00	6.242688e+00
5.250000e+00	4.119074e+00	5.718053e+00	7.249604e+00
5.300000e+00	4.948564e+00	5.718053e+00	7.301878e+00
5.350000e+00	6.850692e+00	5.718053e+00	6.329434e+00
5.400000e+00	8.622956e+00	5.718053e+00	5.172324e+00
5.450000e+00	8.072123e+00	5.718053e+00	4.444117e+00
5.500000e+00	6.016997e+00	5.718053e+00	4.297512e+00
5.550000e+00	4.287258e+00	5.718053e+00	4.679311e+00
5.600000e+00	3.314541e+00	5.718053e+00	5.387207e+00
5.650000e+00	3.072816e+00	5.718053e+00	6.129616e+00
5.700000e+00	3.696771e+00	5.718053e+00	6.837543e+00
5.750000e+00	5.765945e+00	5.718053e+00	7.398799e+00
5.800000e+00	9.510616e+00	5.718053e+00	7.064770e+00
5.850000e+00	1.079552e+01	5.718053e+00	5.930003e+00
5.900000e+00	7.496540e+00	5.718053e+00	4.865856e+00
5.950000e+00	4.365078e+00	5.718053e+00	4.228422e+00
6.000000e+00	2.798722e+00	5.718053e+00	3.924325e+00
6.050000e+00	2.272444e+00	5.718053e+00	3.981403e+00
6.100000e+00	2.529730e+00	5.718053e+00	4.850213e+00
6.150000e+00	3.866307e+00	5.718053e+00	7.498926e+00
6.200000e+00	7.414617e+00	5.718053e+00	9.975870e+00
6.250000e+00	1.261762e+01	5.718053e+00	8.411934e+00
6.300000e+00	1.099438e+01	5.718053e+00	5.541959e+00
6.350000e+00	5.767600e+00	5.718053e+00	3.792669e+00
6.400000e+00	3.021197e+00	5.718053e+00	2.905637e+00
6.450000e+00	1.993925e+00	5.718053e+00	2.632827e+00
6.500000e+00	1.790629e+00	5.718053e+00	3.343411e+00
6.550000e+00	2.242710e+00	5.718053e+00	6.513260e+00
6.600000e+00	3.875994e+00	5.718053e+00	1.125942e+01
6.650000e+00	9.006425e+00	5.718053e+00	1.036670e+01
6.700000e+00	1.541488e+01	5.718053e+00	6.187125e+00
6.750000e+00	1.003304e+01	5.718053e+00	3.811383e+00
6.800000e+00	4.366640e+00	5.718053e+00	2.865050e+00
6.850000e+00	2.261936e+00	5.718053e+00	2.685691e+00
6.900000e+00	1.557228e+00	5.718053e+00	3.526105e+00
6.950000e+00	1.444469e+00	5.718053e+00	6.306546e+00
7.000000e+00	1.958410e+00	5.718053e+00	9.954762e+00
7.050000e+00	4.684484e+00	5.718053e+00	9.588462e+00
7.100000e+00	1.292980e+01	5.718053e+00	6.383618e+00
7.150000e+00	1.459557e+01	5.718053e+00	4.259237e+00
7.200000e+00	6.932434e+00	5.718053e+00	3.510862e+00
7.250000e+00	3.121526e+00	5.718053e+00	3.701105e+00
7.300000e+00	2.104702e+00	5.718053e+00	4.801486e+00
7.350000e+00	2.116911e+00	5.718053e+00	6.695763e+00
7.400000e+00	3.096165e+00	5.718053e+00	8.098841e+00
7.450000e+00	5.919631e+00	5.718053e+00	7.544040e+00
7.500000e+00	9.696293e+00	5.718053e+00	5.936898e+00
7.550000e+00	9.629618e+00	5.718053e+00	4.734799e+00
7.600000e+00	6.417107e+00	5.718053e+00	4.311774e+00
7.650000e+00	4.170359e+00	5.718053e+00	4.607311e+00
7.700000e+00	3.472995e+00	5.718053e+00	5.507986e+00
7.750000e+00	3.873453e+00	5.718053e+00	6.628326e+00
7.800000e+00	5.176880e+00	5.718053e+00	7.161080e+00
7.850000e+00	6.823472e+00	5.718053e+00	6.678368e+00
7.900000e+00	7.441895e+00	5.718053e+00	5.733129e+00
7.950000e+00	6.555727e+00	5.718053e+00	5.017535e+00
8.000000e+00	5.260207e+00	5.718053e+00	4.798659e+00
8.050000e+00	4.457685e+00	5.718053e+00	5.085976e+00
8.100000e+00	4.339538e+00	5.718053e+00	5.753803e+00
8.150000e+00	4.812972e+00	5.718053e+00	6.458876e+00
8.200000e+00	5.628820e+00	5.718053e+00	6.703108e+00
8.250000e+00	6.389974e+00	5.718053e+00	6.307600e+00
8.300000e+00	6.773670e+00	5.718053e+00	5.620723e+00
8.350000e+00	6.640677e+00	5.718053e+00	5.076157e+00
8.400000e+00	6.069208e+00	5.718053e+00	4.891274e+00
8.450000e+00	5.373495e+00	5.718053e+00	5.124994e+00
8.500000e+00	4.879672e+00	5.718053e+00	5.727777e+00
8.550000e+00	4.797644e+00	5.718053e+00	6.430272e+00
8.600000e+00	5.286617e+00	5.718053e+00	6.730363e+00
8.650000e+00	6.393945e+00	5.718053e+00	6.364548e+00
8.700000e+00	7.515075e+00	5.718053e+00	5.636168e+00
8.750000e+00	7.468515e+00	5.718053e+00	4.997695e+00
8.800000e+00	6.247497e+00	5.718053e+00	4.712905e+00
8.850000e+00	4.900927e+00	5.718053e+00	4.925473e+00
8.900000e+00	4.036723e+00	5.718053e+00	5.698220e+00
8.950000e+00	3.822937e+00	5.718053e+00	6.732433e+00
9.000000e+00	4.473510e+00	5.718053e+00	7.190237e+00
9.050000e+00	6.332161e+00	5.718053e+00	6.614306e+00
9.100000e+00	8.569660e+00	5.718053e+00	5.545528e+00
9.150000e+00	8.568672e+00	5.718053e+00	4.617738e+00
9.200000e+00	6.498045e+00	5.718053e+00	4.098806e+00
9.250000e+00	4.569179e+00	5.718053e+00	4.158018e+00
9.300000e+00	3.424306e+00	5.718053e+00	5.092293e+00
9.350000e+00	2.973685e+00	5.718053e+00	7.074914e+00
9.400000e+00	3.306583e+00	5.718053e+00	8.690038e+00
9.450000e+00	5.204581e+00	5.718053e+00	7.895020e+00
9.500000e+00	9.345816e+00	5.718053e+00	5.812964e+00
9.550000e+00	1.093174e+01	5.718053e+00	4.156149e+00
9.600000e+00	7.597234e+00	5.718053e+00	3.257429e+00
9.650000e+00	4.564225e+00	5.718053e+00	3.091114e+00
9.700000e+00	3.044588e+00	5.718053e+00	3.824198e+00
9.750000e+00	2.358687e+00	5.718053e+00	6.084161e+00
9.800000e+00	2.299415e+00	5.718053e+00	9.860386e+00
9.850000e+00	3.173136e+00	5.718053e+00	1.060556e+01
9.900000e+00	7.044976e+00	5.718053e+00	7.115891e+00
9.950000e+00	1.317502e+01	5.718053e+00	4.144988e+00
1.000000e+01	1.087724e+01	5.718053e+00	2.707294e+00
1.005000e+01	5.531580e+00	5.718053e+00	2.262897e+00
1.010000e+01	3.115253e+00	5.718053e+00	2.603943e+00
1.015000e+01	2.233026e+00	5.718053e+00	4.094654e+00
1.020000e+01	1.922035e+00	5.718053e+00	7.940398e+00
1.025000e+01	2.193343e+00	5.718053e+00	1.288944e+01
1.030000e+01	3.892075e+00	5.718053e+00	1.044711e+01
1.035000e+01	1.034180e+01	5.718053e+00	5.373817e+00
1.040000e+01	1.444587e+01	5.718053e+00	2.863006e+00
1.045000e+01	8.464198e+00	5.718053e+00	1.943958e+00
1.050000e+01	3.866024e+00	5.718053e+00	1.804172e+00
1.055000e+01	2.395442e+00	5.718053e+00	2.335285e+00
1.060000e+01	2.071733e+00	5.718053e+00	4.168035e+00
1.065000e+01	2.154945e+00	5.718053e+00	9.817533e+00
1.070000e+01	2.868956e+00	5.718053e+00	1.539991e+01
1.075000e+01	6.270720e+00	5.718053e+00	9.270972e+00
1.080000e+01	1.322152e+01	5.718053e+00	4.039145e+00
1.085000e+01	1.175278e+01	5.718053e+00	2.151432e+00
1.090000e+01	5.758062e+00	5.718053e+00	1.523920e+00
1.095000e+01	2.927135e+00	5.718053e+00	1.460723e+00
1.100000e+01	2.232598e+00	5.718053e+00	2.076192e+00
1.105000e+01	2.401170e+00	5.718053e+00	5.253403e+00
1.110000e+01	3.023057e+00	5.718053e+00	1.376947e+01
1.115000e+01	4.925405e+00	5.718053e+00	1.392007e+01
1.120000e+01	1.039917e+01	5.718053e+00	6.336172e+00
1.125000e+01	1.221056e+01	5.718053e+00	2.940875e+00
1.130000e+01	7.283063e+00	5.718053e+00	2.070859e+00
1.135000e+01	3.801504e+00	5.718053e+00	2.161830e+00
1.140000e+01	2.695797e+00	5.718053e+00	3.279224e+00
1.145000e+01	2.834477e+00	5.718053e+00	6.315065e+00
1.150000e+01	3.942338e+00	5.718053e+00	9.931233e+00
1.155000e+01	6.563769e+00	5.718053e+00	9.363153e+00
1.160000e+01	9.528032e+00	5.718053e+00	6.115256e+00
1.165000e+01	8.796119e+00	5.718053e+00	4.039433e+00
1.170000e+01	5.957683e+00	5.718053e+00	3.468537e+00
1.175000e+01	4.166657e+00	5.718053e+00	3.965939e+00
1.180000e+01	3.653141e+00	5.718053e+00	5.344202e+00
1.185000e+01	4.042665e+00	5.718053e+00	6.954750e+00
1.190000e+01	5.286025e+00	5.718053e+00	7.410412e+00
1.195000e+01	7.095220e+00	5.718053e+00	6.423036e+00
1.200000e+01	8.017433e+00	5.718053e+00	5.150455e+00
1.205000e+01	7.124653e+00	5.718053e+00	4.415474e+00
1.210000e+01	5.602755e+00	5.718053e+00	4.362950e+00
1.215000e+01	4.502498e+00	5.718053e+00	4.884954e+00
1.220000e+01	3.968877e+00	5.718053e+00	5.714189e+00
1.225000e+01	3.994719e+00	5.718053e+00	6.448930e+00
1.230000e+01	4.727749e+00	5.718053e+00	6.784446e+00
1.235000e+01	6.329514e+00	5.718053e+00	6.599471e+00
1.240000e+01	8.136641e+00	5.718053e+00	5.999074e+00
1.245000e+01	8.238700e+00	5.718053e+00	5.310706e+00
1.250000e+01	6.426982e+00	5.718053e+00	4.850224e+00
1.255000e+01	4.484357e+00	5.718053e+00	4.818294e+00
1.260000e+01	3.316521e+00	5.718053e+00	5.371864e+00
1.265000e+01	2.972082e+00	5.718053e+00	6.524483e+00
1.270000e+01	3.510010e+00	5.718053e+00	7.578047e+00
1.275000e+01	5.659345e+00	5.718053e+00	7.383823e+00
1.280000e+01	9.970956e+00	5.718053e+00	6.102664e+00
1.285000e+01	1.124526e+01	5.718053e+00	4.788449e+00
1.290000e+01	7.420796e+00	5.718053e+00	3.984147e+00
1.295000e+01	4.143668e+00	5.718053e+00	3.843406e+00
1.300000e+01	2.507788e+00	5.718053e+00	4.601624e+00
1.305000e+01	1.869719e+00	5.718053e+00	6.575703e+00
1.310000e+01	1.948397e+00	5.718053e+00	8.706231e+00
1.315000e+01	3.308037e+00	5.718053e+00	8.414046e+00
1.320000e+01	8.664478e+00	5.718053e+00	6.274744e+00
1.325000e+01	1.451555e+01	5.718053e+00	4.420034e+00
1.330000e+01	9.920858e+00	5.718053e+00	3.349252e+00
1.335000e+01	4.712461e+00	5.718053e+00	2.966546e+00
1.340000e+01	2.657554e+00	5.718053e+00	3.403393e+00
1.345000e+01	1.845266e+00	5.718053e+00	5.535519e+00
1.350000e+01	1.598930e+00	5.718053e+00	9.748509e+00
1.355000e+01	2.065921e+00	5.718053e+00	1.074216e+01
1.360000e+01	5.189685e+00	5.718053e+00	7.219608e+00
1.365000e+01	1.267840e+01	5.718053e+00	4.356129e+00
1.370000e+01	1.345451e+01	5.718053e+00	2.946324e+00
1.375000e+01	6.761415e+00	5.718053e+00	2.323841e+00
1.380000e+01	3.264441e+00	5.718053e+00	2.332677e+00
1.385000e+01	2.262142e+00	5.718053e+00	3.366184e+00
1.390000e+01	1.985111e+00	5.718053e+00	7.695562e+00
1.395000e+01	2.112915e+00	5.718053e+00	1.342890e+01
1.400000e+01	3.663293e+00	5.718053e+00	1.027263e+01
1.405000e+01	9.313504e+00	5.718053e+00	5.165738e+00
1.410000e+01	1.347495e+01	5.718053e+00	2.985022e+00
1.415000e+01	8.923338e+00	5.718053e+00	2.180874e+00
1.420000e+01	4.354958e+00	5.718053e+00	1.918857e+00
1.425000e+01	2.722309e+00	5.718053e+00	2.266090e+00
1.430000e+01	2.439222e+00	5.718053e+00	4.273856e+00
1.435000e+01	2.591243e+00	5.718053e+00	1.115432e+01
1.440000e+01	3.410263e+00	5.718053e+00	1.415136e+01
1.445000e+01	6.977074e+00	5.718053e+00	7.816670e+00
1.450000e+01	1.208783e+01	5.718053e+00	3.618002e+00
1.455000e+01	1.012995e+01	5.718053e+00	2.333340e+00
1.460000e+01	5.509395e+00	5.718053e+00	2.064291e+00
1.465000e+01	3.313779e+00	5.718053e+00	2.187606e+00
1.470000e+01	2.753606e+00	5.718053e+00	3.017149e+00
1.475000e+01	2.829977e+00	5.718053e+00	6.926198e+00
1.480000e+01	3.325634e+00	5.718053e+00	1.361669e+01
1.485000e+01	5.210098e+00	5.718053e+00	1.112268e+01
1.490000e+01	1.006807e+01	5.718053e+00	5.323031e+00
1.495000e+01	1.148510e+01	5.718053e+00	2.791144e+00
1.500000e+01	7.237025e+00	5.718053e+00	2.223070e+00
1.505000e+01	4.127473e+00	5.718053e+00	2.442753e+00
1.510000e+01	2.974472e+00	5.718053e+00	3.123367e+00
1.515000e+01	2.637567e+00	5.718053e+00	5.298374e+00
1.520000e+01	2.740826e+00	5.718053e+00	1.097097e+01
1.525000e+01	3.741601e+00	5.718053e+00	1.186785e+01
1.530000e+01	7.639266e+00	5.718053e+00	6.800805e+00
1.535000e+01	1.235682e+01	5.718053e+00	3.606734e+00
1.540000e+01	9.698246e+00	5.718053e+00	2.665852e+00
1.545000e+01	5.273147e+00	5.718053e+00	2.897638e+00
1.550000e+01	3.299306e+00	5.718053e+00	4.125385e+00
1.555000e+01	2.644364e+00	5.718053e+00	6.908132e+00
1.560000e+01	2.670103e+00	5.718053e+00	9.659559e+00
1.565000e+01	3.941497e+00	5.718053e+00	8.530425e+00
1.570000e+01	7.390509e+00	5.718053e+00	5.711564e+00
1.575000e+01	1.024902e+01	5.718053e+00	4.065668e+00
1.580000e+01	8.562538e+00	5.718053e+00	3.654781e+00
1.585000e+01	5.539715e+00	5.718053e+00	4.127626e+00
1.590000e+01	4.026116e+00	5.718053e+00	5.455358e+00
1.595000e+01	3.766951e+00	5.718053e+00	7.258634e+00
1.600000e+01	4.369164e+00	5.718053e+00	8.002832e+00
1.605000e+01	5.751214e+00	5.718053e+00	6.974332e+00
1.610000e+01	7.130488e+00	5.718053e+00	5.466766e+00
1.615000e+01	7.237797e+00	5.718053e+00	4.424552e+00
1.620000e+01	6.247335e+00	5.718053e+00	3.945175e+00
1.625000e+01	5.299059e+00	5.718053e+00	4.032452e+00
1.630000e+01	4.938493e+00	5.718053e+00	4.848816e+00
1.635000e+01	5.086433e+00	5.718053e+00	6.526538e+00
1.640000e+01	5.492732e+00	5.718053e+00	8.253479e+00
1.645000e+01	6.026880e+00	5.718053e+00	8.117985e+00
1.650000e+01	6.508472e+00	5.718053e+00	6.212319e+00
1.655000e+01	6.502198e+00	5.718053e+00	4.328703e+00
1.660000e+01	5.965794e+00	5.718053e+00	3.246271e+00
1.665000e+01	5.340597e+00	5.718053e+00	2.981710e+00
1.670000e+01	4.894934e+00	5.718053e+00	3.631183e+00
1.675000e+01	4.546341e+00	5.718053e+00	6.014170e+00
1.680000e+01	4.265017e+00	5.718053e+00	1.037255e+01
1.685000e+01	4.438122e+00	5.718053e+00	1.099773e+01
1.690000e+01	5.960258e+00	5.718053e+00	7.011095e+00
1.695000e+01	8.627808e+00	5.718053e+00	3.917546e+00
1.700000e+01	8.889464e+00	5.718053e+00	2.407282e+00
1.705000e+01	6.647923e+00	5.718053e+00	1.845911e+00
1.710000e+01	4.683381e+00	5.718053e+00	2.002236e+00
1.715000e+01	3.541678e+00	5.718053e+00	3.606236e+00
1.720000e+01	2.879955e+00	5.718053e+00	9.454753e+00
1.725000e+01	3.015342e+00	5.718053e+00	1.451137e+01
1.730000e+01	4.072862e+00	5.718053e+00	9.240900e+00
1.735000e+01	7.764599e+00	5.718053e+00	4.400450e+00
1.740000e+01	1.199491e+01	5.718053e+00	2.541614e+00
1.745000e+01	9.526715e+00	5.718053e+00	1.797442e+00
1.750000e+01	5.370448e+00	5.718053e+00	1.604525e+00
1.755000e+01	3.217996e+00	5.718053e+00	2.196023e+00
1.760000e+01	2.174478e+00	5.718053e+00	5.796761e+00
1.765000e+01	2.089113e+00	5.718053e+00	1.332354e+01
1.770000e+01	3.168785e+00	5.718053e+00	1.286169e+01
1.775000e+01	5.525328e+00	5.718053e+00	6.225680e+00
1.780000e+01	1.114394e+01	5.718053e+00	3.093897e+00
1.785000e+01	1.266770e+01	5.718053e+00	2.216931e+00
1.790000e+01	7.393388e+00	5.718053e+00	1.975126e+00
1.795000e+01	3.688161e+00	5.718053e+00	2.168237e+00
1.800000e+01	2.005277e+00	5.718053e+00	4.016973e+00
1.805000e+01	1.664820e+00	5.718053e+00	1.001403e+01
1.810000e+01	2.648192e+00	5.718053e+00	1.334636e+01
1.815000e+01	4.871741e+00	5.718053e+00	8.328017e+00
1.820000e+01	8.612789e+00	5.718053e+00	4.084012e+00
1.825000e+01	1.223127e+01	5.718053e+00	2.656125e+00
1.830000e+01	9.345023e+00	5.718053e+00	2.441231e+00
1.835000e+01	4.871898e+00	5.718053e+00	2.627241e+00
1.840000e+01	2.493430e+00	5.718053e+00	3.589132e+00
1.845000e+01	1.913901e+00	5.718053e+00	7.556626e+00
1.850000e+01	2.761556e+00	5.718053e+00	1.227410e+01
1.855000e+01	5.031118e+00	5.718053e+00	9.628708e+00
1.860000e+01	7.848597e+00	5.718053e+00	5.175129e+00
1.865000e+01	9.723453e+00	5.718053e+00	3.206712e+00
1.870000e+01	8.475145e+00	5.718053e+00	2.742632e+00
1.875000e+01	5.530989e+00	5.718053e+00	2.856288e+00
1.880000e+01	3.462540e+00	5.718053e+00	3.419871e+00
1.885000e+01	2.802706e+00	5.718053e+00	5.570673e+00
1.890000e+01	3.579090e+00	5.718053e+00	1.054038e+01
1.895000e+01	5.798291e+00	5.718053e+00	1.119122e+01
1.900000e+01	7.936415e+00	5.718053e+00	6.813572e+00
1.905000e+01	8.119904e+00	5.718053e+00	3.946136e+00
1.910000e+01	6.746890e+00	5.718053e+00	2.916858e+00
1.915000e+01	5.099311e+00	5.718053e+00	2.627445e+00
1.920000e+01	4.007821e+00	5.718053e+00	2.783793e+00
1.925000e+01	3.694236e+00	5.718053e+00	3.954216e+00
1.930000e+01	4.386661e+00	5.718053e+00	8.227542e+00
1.935000e+01	6.302954e+00	5.718053e+00	1.245224e+01
1.940000e+01	7.950230e+00	5.718053e+00	9.183804e+00
1.945000e+01	7.455994e+00	5.718053e+00	4.973308e+00
1.950000e+01	6.015158e+00	5.718053e+00	3.195397e+00
1.955000e+01	4.861552e+00	5.718053e+00	2.615765e+00
1.960000e+01	4.283889e+00	5.718053e+00	2.722103e+00
1.965000e+01	4.234256e+00	5.718053e+00	4.187254e+00
1.970000e+01	4.645857e+00	5.718053e+00	7.798646e+00
1.975000e+01	5.484632e+00	5.718053e+00	1.028703e+01
1.980000e+01	6.652766e+00	5.718053e+00	8.236550e+00
1.985000e+01	8.053279e+00	5.718053e+00	5.312852e+00
1.990000e+01	8.279361e+00	5.718053e+00	3.954694e+00
1.995000e+01	6.719572e+00	5.718053e+00	3.789846e+00
2.000000e+01	4.925320e+00	5.718053e+00	4.475959e+00
2.005000e+01	3.762589e+00	5.718053e+00	5.912473e+00
2.010000e+01	3.347733e+00	5.718053e+00	7.211449e+00
2.015000e+01	3.897345e+00	5.718053e+00	7.169809e+00
2.020000e+01	5.972949e+00	5.718053e+00	6.134674e+00
2.025000e+01	8.960892e+00	5.718053e+00	5.234603e+00
2.030000e+01	9.368295e+00	5.718053e+00	4.934498e+00
2.035000e+01	6.933096e+00	5.718053e+00	5.119003e+00
2.040000e+01	4.685289e+00	5.718053e+00	5.541347e+00
2.045000e+01	3.457834e+00	5.718053e+00	6.083495e+00
2.050000e+01	3.129824e+00	5.718053e+00	6.536254e+00
2.055000e+01	3.820584e+00	5.718053e+00	6.466767e+00
2.060000e+01	5.935989e+00	5.718053e+00	5.899748e+00
2.065000e+01	8.701723e+00	5.718053e+00	5.287141e+00
2.070000e+01	9.066964e+00	5.718053e+00	4.858648e+00
2.075000e+01	6.888499e+00	5.718053e+00	4.512032e+00
2.080000e+01	4.785575e+00	5.718053e+00	4.252350e+00
2.085000e+01	3.535951e+00	5.718053e+00	4.509426e+00
2.090000e+01	2.981805e+00	5.718053e+00	6.216708e+00
2.095000e+01	3.092045e+00	5.718053e+00	8.817208e+00
2.100000e+01	4.409344e+00	5.718053e+00	8.726867e+00
2.105000e+01	8.187189e+00	5.718053e+00	6.410156e+00
2.110000e+01	1.136132e+01	5.718053e+00	4.539920e+00
2.115000e+01	8.768607e+00	5.718053e+00	3.453782e+00
2.120000e+01	5.177001e+00	5.718053e+00	2.851049e+00
2.125000e+01	3.298599e+00	5.718053e+00	3.076395e+00
2.130000e+01	2.486914e+00	5.718053e+00	4.275920e+00
2.135000e+01	2.276849e+00	5.718053e+00	8.307946e+00
2.140000e+01	2.759983e+00	5.718053e+00	1.207050e+01
2.145000e+01	4.972125e+00	5.718053e+00	9.054732e+00
2.150000e+01	1.132510e+01	5.718053e+00	5.071863e+00
2.155000e+01	1.318506e+01	5.718053e+00	3.077798e+00
2.160000e+01	7.370631e+00	5.718053e+00	2.115105e+00
2.165000e+01	3.701099e+00	5.718053e+00	2.148401e+00
2.170000e+01	2.377593e+00	5.718053e+00	3.326422e+00
2.175000e+01	1.884969e+00	5.718053e+00	5.932766e+00
2.180000e+01	1.882161e+00	5.718053e+00	1.170733e+01
2.185000e+01	2.715703e+00	5.718053e+00	1.227459e+01
2.190000e+01	7.011521e+00	5.718053e+00	6.897346e+00
2.195000e+01	1.448106e+01	5.718053e+00	3.449432e+00
2.200000e+01	1.164802e+01	5.718053e+00	1.912789e+00
2.205000e+01	5.264286e+00	5.718053e+00	1.702785e+00
2.210000e+01	2.714885e+00	5.718053e+00	2.820746e+00
2.215000e+01	2.117264e+00	5.718053e+00	5.153936e+00
2.220000e+01	2.116575e+00	5.718053e+00	9.096801e+00
2.225000e+01	2.797767e+00	5.718053e+00	1.225174e+01
2.230000e+01	5.923696e+00	5.718053e+00	8.845512e+00
2.235000e+01	1.146023e+01	5.718053e+00	4.535751e+00
2.240000e+01	1.104751e+01	5.718053e+00	2.363963e+00
2.245000e+01	6.277723e+00	5.718053e+00	1.936373e+00
2.250000e+01	3.535721e+00	5.718053e+00	2.926253e+00
2.255000e+01	2.859437e+00	5.718053e+00	5.312666e+00
2.260000e+01	3.236419e+00	5.718053e+00	8.111479e+00
2.265000e+01	4.549180e+00	5.718053e+00	9.759152e+00
2.270000e+01	7.219929e+00	5.718053e+00	8.198669e+00
2.275000e+01	9.384972e+00	5.718053e+00	5.263768e+00
2.280000e+01	8.088923e+00	5.718053e+00	3.333671e+00
2.285000e+01	5.575333e+00	5.718053e+00	2.813400e+00
2.290000e+01	4.091842e+00	5.718053e+00	3.742017e+00
2.295000e+01	3.587117e+00	5.718053e+00	6.060780e+00
2.300000e+01	3.712887e+00	5.718053e+00	8.051094e+00
2.305000e+01	4.665608e+00	5.718053e+00	8.033359e+00
2.310000e+01	6.819166e+00	5.718053e+00	6.574107e+00
2.315000e+01	8.923178e+00	5.718053e+00	4.958614e+00
2.320000e+01	8.348236e+00	5.718053e+00	3.939648e+00
2.325000e+01	6.043906e+00	5.718053e+00	3.711858e+00
2.330000e+01	4.142632e+00	5.718053e+00	4.526745e+00
2.335000e+01	3.054961e+00	5.718053e+00	6.527243e+00
2.340000e+01	2.720654e+00	5.718053e+00	7.997227e+00
2.345000e+01	3.375679e+00	5.718053e+00	7.324384e+00
2.350000e+01	6.048242e+00	5.718053e+00	5.876951e+00
2.355000e+01	1.072561e+01	5.718053e+00	4.777569e+00
2.360000e+01	1.115358e+01	5.718053e+00	4.256712e+00
2.365000e+01	6.883016e+00	5.718053e+00	4.255087e+00
2.370000e+01	3.561264e+00	5.718053e+00	4.711891e+00
2.375000e+01	2.002012e+00	5.718053e+00	5.586933e+00
2.380000e+01	1.599872e+00	5.718053e+00	6.790698e+00
2.385000e+01	2.010060e+00	5.718053e+00	8.161980e+00
2.390000e+01	3.590078e+00	5.718053e+00	8.185110e+00
2.395000e+01	9.069379e+00	5.718053e+00	6.525568e+00
2.400000e+01	1.618460e+01	5.718053e+00	4.776610e+00
2.405000e+01	1.046709e+01	5.718053e+00	3.686406e+00
2.410000e+01	4.292907e+00	5.718053e+00	3.352284e+00
2.415000e+01	1.822453e+00	5.718053e+00	4.026649e+00
2.420000e+01	1.005622e+00	5.718053e+00	6.270267e+00
2.425000e+01	9.756095e-01	5.718053e+00	9.177138e+00
2.430000e+01	1.484767e+00	5.718053e+00	9.199008e+00
2.435000e+01	3.640431e+00	5.718053e+00	6.667081e+00
2.440000e+01	1.275718e+01	5.718053e+00	4.518117e+00
2.445000e+01	1.789700e+01	5.718053e+00	3.385752e+00
2.450000e+01	8.030345e+00	5.718053e+00	3.147315e+00
2.455000e+01	3.108986e+00	5.718053e+00	3.962704e+00
2.460000e+01	1.505405e+00	5.718053e+00	6.221544e+00
2.465000e+01	8.677984e-01	5.718053e+00	8.894655e+00
2.470000e+01	7.515969e-01	5.718053e+00	8.917908e+00
2.475000e+01	1.594063e+00	5.718053e+00	6.645256e+00
2.480000e+01	5.729405e+00	5.718053e+00	4.623326e+00
2.485000e+01	1.522071e+01	5.718053e+00	3.452134e+00
2.490000e+01	1.553090e+01	5.718053e+00	2.960362e+00
2.495000e+01	6.020008e+00	5.718053e+00	3.151647e+00
2.500000e+01	2.437720e+00	5.718053e+00	4.662268e+00
2.505000e+01	1.592725e+00	5.718053e+00	8.661045e+00
2.510000e+01	1.340804e+00	5.718053e+00	1.134740e+01
2.515000e+01	2.034231e+00	5.718053e+00	8.355606e+00
2.520000e+01	4.827854e+00	5.718053e+00	4.916038e+00
2.525000e+01	9.744432e+00	5.718053e+00	3.182275e+00
2.530000e+01	1.245839e+01	5.718053e+00	2.440874e+00
2.535000e+01	8.276610e+00	5.718053e+00	2.289016e+00
2.540000e+01	4.211062e+00	5.718053e+00	2.865319e+00
2.545000e+01	2.918667e+00	5.718053e+00	5.416447e+00
2.550000e+01	2.796116e+00	5.718053e+00	1.197956e+01
2.555000e+01	3.345967e+00	5.718053e+00	1.274553e+01
2.560000e+01	5.717502e+00	5.718053e+00	6.845167e+00
2.565000e+01	8.594577e+00	5.718053e+00	3.497258e+00
2.570000e+01	8.716553e+00	5.718053e+00	2.304618e+00
2.575000e+01	6.512838e+00	5.718053e+00	1.860954e+00
2.580000e+01	4.605494e+00	5.718053e+00	1.915874e+00
2.585000e+01	3.996990e+00	5.718053e+00	2.906300e+00
2.590000e+01	4.415890e+00	5.718053e+00	7.781205e+00
2.595000e+01	5.033040e+00	5.718053e+00	1.480607e+01
2.600000e+01	6.129912e+00	5.718053e+00	1.090236e+01
2.605000e+01	7.823303e+00	5.718053e+00	4.851406e+00
2.610000e+01	7.627659e+00	5.718053e+00	2.602474e+00
2.615000e+01	5.941425e+00	5.718053e+00	2.098996e+00
2.620000e+01	4.665629e+00	5.718053e+00	2.141369e+00
2.625000e+01	4.324469e+00	5.718053e+00	2.952492e+00
2.630000e+01	4.617627e+00	5.718053e+00	6.458120e+00
2.635000e+01	5.022253e+00	5.718053e+00	1.181186e+01
2.640000e+01	5.727677e+00	5.718053e+00	1.060803e+01
2.645000e+01	7.200188e+00	5.718053e+00	5.879680e+00
2.650000e+01	7.864765e+00	5.718053e+00	3.396109e+00
2.655000e+01	6.760002e+00	5.718053e+00	2.859972e+00
2.660000e+01	5.355632e+00	5.718053e+00	3.318612e+00
2.665000e+01	4.567357e+00	5.718053e+00	4.753969e+00
2.670000e+01	4.288423e+00	5.718053e+00	7.527367e+00
2.675000e+01	4.467882e+00	5.718053e+00	9.415266e+00
2.680000e+01	5.510045e+00	5.718053e+00	7.830845e+00
2.685000e+01	7.213120e+00	5.718053e+00	5.370626e+00
2.690000e+01	7.816451e+00	5.718053e+00	4.005875e+00
2.695000e+01	6.752642e+00	5.718053e+00	3.572752e+00
2.700000e+01	5.419747e+00	5.718053e+00	3.763134e+00
2.705000e+01	4.618870e+00	5.718053e+00	4.826042e+00
2.710000e+01	4.283663e+00	5.718053e+00	7.078864e+00
2.715000e+01	4.389552e+00	5.718053e+00	9.008937e+00
2.720000e+01	5.313425e+00	5.718053e+00	8.148422e+00
2.725000e+01	7.072818e+00	5.718053e+00	5.817993e+00
2.730000e+01	8.003368e+00	5.718053e+00	3.998783e+00
2.735000e+01	7.046792e+00	5.718053e+00	2.987277e+00
2.740000e+01	5.529622e+00	5.718053e+00	2.732714e+00
2.745000e+01	4.460819e+00	5.718053e+00	3.527099e+00
2.750000e+01	3.771781e+00	5.718053e+00	6.473210e+00
2.755000e+01	3.409409e+00	5.718053e+00	1.108853e+01
2.760000e+01	3.794673e+00	5.718053e+00	1.081963e+01
2.765000e+01	6.157487e+00	5.718053e+00	6.464101e+00
2.770000e+01	9.911047e+00	5.718053e+00	3.335155e+00
2.775000e+01	9.692899e+00	5.718053e+00	1.919088e+00
2.780000e+01	6.435068e+00	5.718053e+00	1.605670e+00
2.785000e+01	4.202304e+00	5.718053e+00	2.098714e+00
2.790000e+01	3.129359e+00	5.718053e+00	3.884654e+00
2.795000e+01	2.568911e+00	5.718053e+00	9.955876e+00
2.800000e+01	2.857696e+00	5.718053e+00	1.619020e+01
2.805000e+01	4.114448e+00	5.718053e+00	9.646194e+00
2.810000e+01	8.536837e+00	5.718053e+00	3.921476e+00
2.815000e+01	1.253026e+01	5.718053e+00	1.688206e+00
2.820000e+01	9.038185e+00	5.718053e+00	9.746538e-01
2.825000e+01	4.797168e+00	5.718053e+00	1.002721e+00
2.830000e+01	3.002721e+00	5.718053e+00	1.575490e+00
2.835000e+01	2.323023e+00	5.718053e+00	4.143566e+00
2.840000e+01	2.233645e+00	5.718053e+00	1.398817e+01
2.845000e+01	3.402803e+00	5.718053e+00	1.717050e+01
2.850000e+01	5.872208e+00	5.718053e+00	7.240630e+00
2.855000e+01	1.151786e+01	5.718053e+00	2.869139e+00
2.860000e+01	1.192609e+01	5.718053e+00	1.410620e+00
2.865000e+01	6.699914e+00	5.718053e+00	8.354329e-01
2.870000e+01	3.556158e+00	5.718053e+00	7.709587e-01
2.875000e+01	2.315150e+00	5.718053e+00	1.806351e+00
2.880000e+01	1.909840e+00	5.718053e+00	6.449112e+00
2.885000e+01	2.855979e+00	5.718053e+00	1.612841e+01
2.890000e+01	5.917749e+00	5.718053e+00	1.455209e+01
2.895000e+01	9.351496e+00	5.718053e+00	5.395425e+00
2.900000e+01	1.089982e+01	5.718053e+00	2.297819e+00
2.905000e+01	7.992882e+00	5.718053e+00	1.545738e+00
2.910000e+01	4.665002e+00	5.718053e+00	1.351263e+00
2.915000e+01	2.865313e+00	5.718053e+00	2.202429e+00
2.920000e+01	2.183615e+00	5.718053e+00	5.242244e+00
2.925000e+01	2.633712e+00	5.718053e+00	1.025735e+01
2.930000e+01	4.646912e+00	5.718053e+00	1.229447e+01
2.935000e+01	7.808019e+00	5.718053e+00	7.749341e+00
2.940000e+01	1.053673e+01	5.718053e+00	3.975784e+00
2.945000e+01	9.473645e+00	5.718053e+00	2.880436e+00
2.950000e+01	5.904946e+00	5.718053e+00	2.807765e+00
2.955000e+01	3.381222e+00	5.718053e+00	3.485068e+00
2.960000e+01	2.277151e+00	5.718053e+00	6.044895e+00
2.965000e+01	2.243244e+00	5.718053e+00	8.761818e+00
2.970000e+01	3.140058e+00	5.718053e+00	8.556154e+00
2.975000e+01	5.567658e+00	5.718053e+00	6.276037e+00
2.980000e+01	1.108246e+01	5.718053e+00	4.484363e+00
2.985000e+01	1.303235e+01	5.718053e+00	4.004163e+00
2.990000e+01	7.606267e+00	5.718053e+00	4.480079e+00
2.995000e+01	3.388115e+00	5.718053e+00	5.100636e+00
3.000000e+01	1.664257e+00	5.718053e+00	6.303316e+00
3.005000e+01	1.261521e+00	5.718053e+00	7.919138e+00
3.010000e+01	1.501635e+00	5.718053e+00	7.488280e+00
3.015000e+01	2.800654e+00	5.718053e+00	5.775719e+00
3.020000e+01	8.628989e+00	5.718053e+00	4.590680e+00
3.025000e+01	1.709547e+01	5.718053e+00	4.333921e+00
3.030000e+01	1.122451e+01	5.718053e+00	4.659264e+00
3.035000e+01	4.540812e+00	5.718053e+00	5.066217e+00
3.040000e+01	1.851607e+00	5.718053e+00	5.846097e+00
3.045000e+01	9.151932e-01	5.718053e+00	7.342970e+00
3.050000e+01	6.950953e-01	5.718053e+00	7.819601e+00
3.055000e+01	9.133266e-01	5.718053e+00	6.606142e+00
3.060000e+01	2.986374e+00	5.718053e+00	5.246419e+00
3.065000e+01	1.136438e+01	5.718053e+00	4.520929e+00
3.070000e+01	1.931413e+01	5.718053e+00	4.281868e+00
3.075000e+01	9.228411e+00	5.718053e+00	4.525423e+00
3.080000e+01	3.273073e+00	5.718053e+00	5.670106e+00
3.085000e+01	1.771824e+00	5.718053e+00	7.354620e+00
3.090000e+01	1.365270e+00	5.718053e+00	7.768686e+00
3.095000e+01	1.738544e+00	5.718053e+00	6.607833e+00
3.100000e+01	3.538915e+00	5.718053e+00	5.313240e+00
3.105000e+01	7.547270e+00	5.718053e+00	4.567582e+00
3.110000e+01	1.147272e+01	5.718053e+00	4.271100e+00
3.115000e+01	9.653919e+00	5.718053e+00	4.436772e+00
3.120000e+01	5.659429e+00	5.718053e+00	5.464743e+00
3.125000e+01	3.813712e+00	5.718053e+00	7.240684e+00
3.130000e+01	3.482759e+00	5.718053e+00	7.983317e+00
3.135000e+01	4.039549e+00	5.718053e+00	6.892567e+00
3.140000e+01	5.266418e+00	5.718053e+00	5.398337e+00
3.145000e+01	6.569148e+00	5.718053e+00	4.379386e+00
3.150000e+01	7.110862e+00	5.718053e+00	3.717021e+00
3.155000e+01	6.678668e+00	5.718053e+00	3.403572e+00
3.160000e+01	5.971755e+00	5.718053e+00	3.912527e+00
3.165000e+01	5.598876e+00	5.718053e+00	6.540389e+00
3.170000e+01	5.353722e+00	5.718053e+00	1.013857e+01
3.175000e+01	5.191587e+00	5.718053e+00	9.412017e+00
3.180000e+01	5.508632e+00	5.718053e+00	6.137993e+00
3.185000e+01	6.006839e+00	5.718053e+00	4.059545e+00
3.190000e+01	6.177806e+00	5.718053e+00	3.050898e+00
3.195000e+01	6.008097e+00	5.718053e+00	2.552521e+00
3.200000e+01	5.758642e+00	5.718053e+00	2.935068e+00
3.205000e+01	5.517956e+00	5.718053e+00	4.361003e+00
3.210000e+01	4.925380e+00	5.718053e+00	9.142968e+00
3.215000e+01	4.178296e+00	5.718053e+00	1.248871e+01
3.220000e+01	4.230695e+00	5.718053e+00	8.518806e+00
3.225000e+01	5.940279e+00	5.718053e+00	4.521875e+00
3.230000e+01	8.265457e+00	5.718053e+00	2.907661e+00
3.235000e+01	8.459266e+00	5.718053e+00	2.278627e+00
3.240000e+01	6.667966e+00	5.718053e+00	2.289356e+00
3.245000e+01	4.973803e+00	5.718053e+00	3.575445e+00
3.250000e+01	3.770001e+00	5.718053e+00	6.305713e+00
3.255000e+01	2.933609e+00	5.718053e+00	1.199708e+01
3.260000e+01	2.843738e+00	5.718053e+00	1.147219e+01
3.265000e+01	4.314361e+00	5.718053e+00	6.254023e+00
3.270000e+01	8.715175e+00	5.718053e+00	3.374783e+00
3.275000e+01	1.152999e+01	5.718053e+00	2.240442e+00
3.280000e+01	8.452346e+00	5.718053e+00	1.925006e+00
3.285000e+01	4.999563e+00	5.718053e+00	3.067461e+00
3.290000e+01	3.378835e+00	5.718053e+00	6.288354e+00
3.295000e+01	2.517191e+00	5.718053e+00	9.653329e+00
3.300000e+01	2.309321e+00	5.718053e+00	1.078420e+01
3.305000e+01	3.504761e+00	5.718053e+00	7.605860e+00
3.310000e+01	7.614965e+00	5.718053e+00	4.420171e+00
3.315000e+01	1.163369e+01	5.718053e+00	2.752503e+00
3.320000e+01	9.491420e+00	5.718053e+00	2.171598e+00
3.325000e+01	5.527217e+00	5.718053e+00	2.758616e+00
3.330000e+01	3.650086e+00	5.718053e+00	4.933410e+00
3.335000e+01	2.890864e+00	5.718053e+00	8.136922e+00
3.340000e+01	2.634218e+00	5.718053e+00	1.065180e+01
3.345000e+01	3.424569e+00	5.718053e+00	9.145846e+00
3.350000e+01	6.626235e+00	5.718053e+00	5.581787e+00
3.355000e+01	1.061317e+01	5.718053e+00	3.213410e+00
3.360000e+01	9.720977e+00	5.718053e+00	2.229954e+00
3.365000e+01	6.139491e+00	5.718053e+00	2.290744e+00
3.370000e+01	4.017897e+00	5.718053e+00	3.289103e+00
3.375000e+01	3.008252e+00	5.718053e+00	5.976017e+00
3.380000e+01	2.446732e+00	5.718053e+00	1.166020e+01
3.385000e+01	2.561815e+00	5.718053e+00	1.267035e+01
3.390000e+01	4.538455e+00	5.718053e+00	7.053958e+00
3.395000e+01	9.961873e+00	5.718053e+00	3.122425e+00
3.400000e+01	1.229513e+01	5.718053e+00	1.581514e+00
3.405000e+01	7.911019e+00	5.718053e+00	1.261435e+00
3.410000e+01	4.264354e+00	5.718053e+00	1.559356e+00
3.415000e+01	2.891449e+00	5.718053e+00	3.089158e+00
3.420000e+01	2.220275e+00	5.718053e+00	9.609619e+00
3.425000e+01	2.111311e+00	5.718053e+00	1.720177e+01
3.430000e+01	2.907563e+00	5.718053e+00	1.032534e+01
3.435000e+01	7.184569e+00	5.718053e+00	4.141492e+00
3.440000e+01	1.323840e+01	5.718053e+00	1.702588e+00
3.445000e+01	1.113732e+01	5.718053e+00	8.716949e-01
3.450000e+01	5.529336e+00	5.718053e+00	6.937272e-01
3.455000e+01	2.965153e+00	5.718053e+00	9.863158e-01
3.460000e+01	2.176682e+00	5.718053e+00	3.455410e+00
3.465000e+01	1.874254e+00	5.718053e+00	1.261724e+01
3.470000e+01	2.613776e+00	5.718053e+00	1.887331e+01
3.475000e+01	4.579789e+00	5.718053e+00	8.254154e+00
3.480000e+01	1.065019e+01	5.718053e+00	3.019146e+00
3.485000e+01	1.367359e+01	5.718053e+00	1.698666e+00
3.490000e+01	7.976800e+00	5.718053e+00	1.362699e+00
3.495000e+01	3.896886e+00	5.718053e+00	1.837673e+00
3.500000e+01	2.478669e+00	5.718053e+00	3.837104e+00
3.505000e+01	1.919117e+00	5.718053e+00	8.037420e+00
3.510000e+01	1.844643e+00	5.718053e+00	1.159341e+01
3.515000e+01	2.870869e+00	5.718053e+00	9.222525e+00
3.520000e+01	7.612075e+00	5.718053e+00	5.371828e+00
3.525000e+01	1.397823e+01	5.718053e+00	3.730340e+00
3.530000e+01	1.075179e+01	5.718053e+00	3.501785e+00
3.535000e+01	5.157012e+00	5.718053e+00	4.137638e+00
3.540000e+01	2.988368e+00	5.718053e+00	5.407405e+00
3.545000e+01	2.500071e+00	5.718053e+00	6.669143e+00
3.550000e+01	2.900139e+00	5.718053e+00	7.105310e+00
3.555000e+01	4.519451e+00	5.718053e+00	6.605234e+00
3.560000e+01	7.531361e+00	5.718053e+00	5.916680e+00
3.565000e+01	9.533944e+00	5.718053e+00	5.576177e+00
3.570000e+01	8.093297e+00	5.718053e+00	5.326274e+00
3.575000e+01	5.677372e+00	5.718053e+00	5.199614e+00
3.580000e+01	4.264919e+00	5.718053e+00	5.561129e+00
3.585000e+01	3.837521e+00	5.718053e+00	6.042984e+00
3.590000e+01	4.223821e+00	5.718053e+00	6.172632e+00
3.595000e+01	5.402747e+00	5.718053e+00	5.982199e+00
3.600000e+01	6.950842e+00	5.718053e+00	5.737220e+00
3.605000e+01	7.676199e+00	5.718053e+00	5.481140e+00
3.610000e+01	6.968475e+00	5.718053e+00	4.843155e+00
3.615000e+01	5.675064e+00	5.718053e+00	4.131527e+00
3.620000e+01	4.636885e+00	5.718053e+00	4.319479e+00
3.625000e+01	4.030985e+00	5.718053e+00	6.190329e+00
3.630000e+01	3.899904e+00	5.718053e+00	8.413598e+00
3.635000e+01	4.603300e+00	5.718053e+00	8.332456e+00
3.640000e+01	6.658595e+00	5.718053e+00	6.471116e+00
3.645000e+01	8.831955e+00	5.718053e+00	4.838600e+00
3.650000e+01	8.340086e+00	5.718053e+00	3.664033e+00
3.655000e+01	6.127082e+00	5.718053e+00	2.886884e+00
3.660000e+01	4.363210e+00	5.718053e+00	2.890702e+00
3.665000e+01	3.328690e+00	5.718053e+00	4.628660e+00
3.670000e+01	2.825572e+00	5.718053e+00	9.207862e+00
3.675000e+01	3.013250e+00	5.718053e+00	1.144411e+01
3.680000e+01	4.574812e+00	5.718053e+00	8.029333e+00
3.685000e+01	9.306647e+00	5.718053e+00	4.771347e+00
3.690000e+01	1.225627e+01	5.718053e+00	3.269497e+00
3.695000e+01	8.370590e+00	5.718053e+00	2.461752e+00
3.700000e+01	4.603227e+00	5.718053e+00	2.341993e+00
3.705000e+01	2.776088e+00	5.718053e+00	3.771626e+00
3.710000e+01	1.902739e+00	5.718053e+00	8.144067e+00
3.715000e+01	1.787140e+00	5.718053e+00	1.172010e+01
3.720000e+01	2.506537e+00	5.718053e+00	9.050495e+00
3.725000e+01	6.235127e+00	5.718053e+00	5.245779e+00
3.730000e+01	1.397064e+01	5.718053e+00	3.546167e+00
3.735000e+01	1.264408e+01	5.718053e+00	2.840298e+00
3.740000e+01	6.041475e+00	5.718053e+00	2.649059e+00
3.745000e+01	3.012496e+00	5.718053e+00	3.614504e+00
3.750000e+01	1.728673e+00	5.718053e+00	7.080366e+00
3.755000e+01	1.218463e+00	5.718053e+00	1.079910e+01
3.760000e+01	1.322614e+00	5.718053e+00	9.375304e+00
3.765000e+01	3.135681e+00	5.718053e+00	5.844623e+00
3.770000e+01	9.894024e+00	5.718053e+00	3.887026e+00
3.775000e+01	1.635556e+01	5.718053e+00	2.931667e+00
3.780000e+01	9.779075e+00	5.718053e+00	2.422403e+00
3.785000e+01	4.049217e+00	5.718053e+00	2.633024e+00
3.790000e+01	2.220505e+00	5.718053e+00	4.949427e+00
3.795000e+01	1.396721e+00	5.718053e+00	1.050960e+01
3.800000e+01	1.115191e+00	5.718053e+00	1.205697e+01
3.805000e+01	1.749769e+00	5.718053e+00	7.423396e+00
3.810000e+01	5.532527e+00	5.718053e+00	4.051530e+00
3.815000e+01	1.362394e+01	5.718053e+00	2.810435e+00
3.820000e+01	1.455768e+01	5.718053e+00	2.174603e+00
3.825000e+01	6.603014e+00	5.718053e+00	2.142268e+00
3.830000e+01	2.928200e+00	5.718053e+00	3.110765e+00
3.835000e+01	1.858683e+00	5.718053e+00	7.858351e+00
3.840000e+01	1.294201e+00	5.718053e+00	1.350146e+01
3.845000e+01	1.353115e+00	5.718053e+00	1.052809e+01
3.850000e+01	3.369834e+00	5.718053e+00	5.131705e+00
3.855000e+01	9.205666e+00	5.718053e+00	2.841379e+00
3.860000e+01	1.521273e+01	5.718053e+00	2.126456e+00
3.865000e+01	1.017358e+01	5.718053e+00	1.889647e+00
3.870000e+01	4.259627e+00	5.718053e+00	2.747655e+00
3.875000e+01	2.407545e+00	5.718053e+00	4.951270e+00
3.880000e+01	1.874362e+00	5.718053e+00	1.136599e+01
3.885000e+01	1.771286e+00	5.718053e+00	1.333187e+01
3.890000e+01	3.210092e+00	5.718053e+00	7.399537e+00
3.895000e+01	7.365276e+00	5.718053e+00	3.673622e+00
3.900000e+01	1.177742e+01	5.718053e+00	2.400954e+00
3.905000e+01	1.031417e+01	5.718053e+00	1.886741e+00
3.910000e+01	5.691485e+00	5.718053e+00	1.875739e+00
3.915000e+01	3.385642e+00	5.718053e+00	3.119566e+00
3.920000e+01	2.895141e+00	5.718053e+00	8.348679e+00
3.925000e+01	2.876145e+00	5.718053e+00	1.416590e+01
3.930000e+01	3.968864e+00	5.718053e+00	1.007675e+01
3.935000e+01	7.238326e+00	5.718053e+00	4.805930e+00
3.940000e+01	9.656670e+00	5.718053e+00	2.890172e+00
3.945000e+01	8.239438e+00	5.718053e+00	2.500438e+00
3.950000e+01	5.486013e+00	5.718053e+00	2.996813e+00
3.955000e+01	4.014154e+00	5.718053e+00	4.769443e+00
3.960000e+01	3.980257e+00	5.718053e+00	7.844618e+00
3.965000e+01	4.956016e+00	5.718053e+00	9.537086e+00
3.970000e+01	6.471817e+00	5.718053e+00	7.838485e+00
3.975000e+01	7.240191e+00	5.718053e+00	5.483780e+00
3.980000e+01	6.529339e+00	5.718053e+00	4.182675e+00
3.985000e+01	5.345332e+00	5.718053e+00	3.840075e+00
3.990000e+01	4.644339e+00	5.718053e+00	4.307265e+00
3.995000e+01	4.695106e+00	5.718053e+00	5.555610e+00
4.000000e+01	5.440787e+00	5.718053e+00	7.082397e+00
4.005000e+01	6.459311e+00	5.718053e+00	7.664490e+00
4.010000e+01	6.874283e+00	5.718053e+00	6.846233e+00
4.015000e+01	6.281556e+00	5.718053e+00	5.552607e+00
4.020000e+01	5.324603e+00	5.718053e+00	4.557276e+00
4.025000e+01	4.705730e+00	5.718053e+00	3.993784e+00
4.030000e+01	4.688329e+00	5.718053e+00	3.923118e+00
4.035000e+01	5.324028e+00	5.718053e+00	4.744427e+00
4.040000e+01	6.491176e+00	5.718053e+00	6.920324e+00
4.045000e+01	7.507621e+00	5.718053e+00	8.926894e+00
4.050000e+01	7.316750e+00	5.718053e+00	8.147964e+00
4.055000e+01	6.042633e+00	5.718053e+00	5.913234e+00
4.060000e+01	4.806660e+00	5.718053e+00	4.232137e+00
4.065000e+01	4.217757e+00	5.718053e+00	3.254203e+00
4.070000e+01	4.361704e+00	5.718053e+00	2.809248e+00
4.075000e+01	5.235726e+00	5.718053e+00	3.082604e+00
4.080000e+01	6.654017e+00	5.718053e+00	4.891044e+00
4.085000e+01	7.535999e+00	5.718053e+00	9.863989e+00
4.090000e+01	6.705900e+00	5.718053e+00	1.209862e+01
4.095000e+01	5.456176e+00	5.718053e+00	7.894597e+00
4.100000e+01	4.906420e+00	5.718053e+00	4.352845e+00
4.105000e+01	4.883303e+00	5.718053e+00	2.654459e+00
4.110000e+01	5.194730e+00	5.718053e+00	1.857195e+00
4.115000e+01	5.764716e+00	5.718053e+00	1.814902e+00
4.120000e+01	6.357722e+00	5.718053e+00	2.672155e+00
4.125000e+01	6.196547e+00	5.718053e+00	6.927355e+00
4.130000e+01	4.945554e+00	5.718053e+00	1.447820e+01
4.135000e+01	4.018304e+00	5.718053e+00	1.192776e+01
4.140000e+01	4.223108e+00	5.718053e+00	5.587585e+00
4.145000e+01	6.196430e+00	5.718053e+00	2.836934e+00
4.150000e+01	8.385282e+00	5.718053e+00	1.646741e+00
4.155000e+01	8.338458e+00	5.718053e+00	1.201362e+00
4.160000e+01	6.520018e+00	5.718053e+00	1.382764e+00
4.165000e+01	4.662978e+00	5.718053e+00	3.544803e+00
4.170000e+01	3.227169e+00	5.718053e+00	1.083061e+01
4.175000e+01	3.265538e+00	5.718053e+00	1.622014e+01
4.180000e+01	4.175147e+00	5.718053e+00	8.955239e+00
4.185000e+01	5.710911e+00	5.718053e+00	3.756988e+00
4.190000e+01	8.768724e+00	5.718053e+00	2.114179e+00
4.195000e+01	9.850488e+00	5.718053e+00	1.343348e+00
4.200000e+01	7.329439e+00	5.718053e+00	1.119641e+00
4.205000e+01	4.505746e+00	5.718053e+00	1.935315e+00
4.210000e+01	2.898061e+00	5.718053e+00	6.182201e+00
4.215000e+01	3.147706e+00	5.718053e+00	1.437861e+01
4.220000e+01	4.951658e+00	5.718053e+00	1.383010e+01
4.225000e+01	7.029083e+00	5.718053e+00	6.005025e+00
4.230000e+01	7.498765e+00	5.718053e+00	2.765932e+00
4.235000e+01	6.785398e+00	5.718053e+00	1.784920e+00
4.240000e+01	5.606349e+00	5.718053e+00	1.264706e+00
4.245000e+01	4.631625e+00	5.718053e+00	1.426911e+00
4.250000e+01	4.320740e+00	5.718053e+00	3.768176e+00
4.255000e+01	5.295722e+00	5.718053e+00	9.984162e+00
4.260000e+01	7.315725e+00	5.718053e+00	1.523218e+01
4.265000e+01	8.369385e+00	5.718053e+00	9.395162e+00
4.270000e+01	6.885329e+00	5.718053e+00	3.931345e+00
4.275000e+01	4.786523e+00	5.718053e+00	2.332836e+00
4.280000e+01	3.672035e+00	5.718053e+00	1.837128e+00
4.285000e+01	3.612031e+00	5.718053e+00	1.815102e+00
4.290000e+01	4.619737e+00	5.718053e+00	3.508359e+00
4.295000e+01	6.740741e+00	5.718053e+00	7.878322e+00
4.300000e+01	8.550576e+00	5.718053e+00	1.197323e+01
4.305000e+01	7.982500e+00	5.718053e+00	9.849123e+00
4.310000e+01	6.068740e+00	5.718053e+00	5.334519e+00
4.315000e+01	4.552814e+00	5.718053e+00	3.285538e+00
4.320000e+01	3.910636e+00	5.718053e+00	2.879115e+00
4.325000e+01	4.057512e+00	5.718053e+00	2.908049e+00
4.330000e+01	4.893244e+00	5.718053e+00	4.205846e+00
4.335000e+01	6.169584e+00	5.718053e+00	7.601257e+00
4.340000e+01	7.157577e+00	5.718053e+00	9.685797e+00
4.345000e+01	7.222727e+00	5.718053e+00	7.957563e+00
4.350000e+01	6.498407e+00	5.718053e+00	5.265454e+00
4.355000e+01	5.550811e+00	5.718053e+00	3.953590e+00
4.360000e+01	4.895900e+00	5.718053e+00	4.037979e+00
4.365000e+01	4.721761e+00	5.718053e+00	5.096388e+00
4.370000e+01	5.020741e+00	5.718053e+00	6.608923e+00
4.375000e+01	5.755418e+00	5.718053e+00	7.228605e+00
4.380000e+01	6.673810e+00	5.718053e+00	6.410297e+00
4.385000e+01	7.067365e+00	5.718053e+00	5.244900e+00
4.390000e+01	6.540745e+00	5.718053e+00	4.614783e+00
4.395000e+01	5.612345e+00	5.718053e+00	4.741468e+00
4.400000e+01	4.882235e+00	5.718053e+00	5.542239e+00
4.405000e+01	4.581160e+00	5.718053e+00	6.543139e+00
4.410000e+01	4.827039e+00	5.718053e+00	6.856117e+00
4.415000e+01	5.690455e+00	5.718053e+00	6.187383e+00
4.420000e+01	6.798535e+00	5.718053e+00	5.240142e+00
4.425000e+01	7.230095e+00	5.718053e+00	4.675250e+00
4.430000e+01	6.609948e+00	5.718053e+00	4.722465e+00
4.435000e+01	5.547137e+00	5.718053e+00	5.421994e+00
4.440000e+01	4.656059e+00	5.718053e+00	6.617843e+00
4.445000e+01	4.253548e+00	5.718053e+00	7.555148e+00
4.450000e+01	4.619721e+00	5.718053e+00	7.221112e+00
4.455000e+01	5.905870e+00	5.718053e+00	5.900757e+00
4.460000e+01	7.357196e+00	5.718053e+00	4.715069e+00
4.465000e+01	7.540657e+00	5.718053e+00	4.199281e+00
4.470000e+01	6.483561e+00	5.718053e+00	4.416362e+00
4.475000e+01	5.342027e+00	5.718053e+00	5.360995e+00
4.480000e+01	4.637522e+00	5.718053e+00	6.795166e+00
4.485000e+01	4.426275e+00	5.718053e+00	7.529255e+00
4.490000e+01	4.835699e+00	5.718053e+00	6.566294e+00
4.495000e+01	5.884960e+00	5.718053e+00	5.367836e+00
4.500000e+01	7.020783e+00	5.718053e+00	4.885526e+00
4.505000e+01	7.287838e+00	5.718053e+00	4.900712e+00
4.510000e+01	6.510147e+00	5.718053e+00	5.241695e+00
4.515000e+01	5.418609e+00	5.718053e+00	5.830237e+00
4.520000e+01	4.607434e+00	5.718053e+00	6.393982e+00
4.525000e+01	4.328727e+00	5.718053e+00	6.103993e+00
4.530000e+01	4.714019e+00	5.718053e+00	4.820009e+00
4.535000e+01	5.743181e+00	5.718053e+00	3.972240e+00
4.540000e+01	6.896349e+00	5.718053e+00	4.344405e+00
4.545000e+01	7.148758e+00	5.718053e+00	6.452005e+00
4.550000e+01	6.109412e+00	5.718053e+00	8.505279e+00
4.555000e+01	4.810802e+00	5.718053e+00	8.199082e+00
4.560000e+01	4.269850e+00	5.718053e+00	6.324113e+00
4.565000e+01	4.760419e+00	5.718053e+00	4.487382e+00
4.570000e+01	6.073771e+00	5.718053e+00	3.154937e+00
4.575000e+01	7.391881e+00	5.718053e+00	3.341669e+00
4.580000e+01	7.575132e+00	5.718053e+00	4.275398e+00
4.585000e+01	6.321075e+00	5.718053e+00	5.965283e+00
4.590000e+01	4.486992e+00	5.718053e+00	9.049718e+00
4.595000e+01	3.257760e+00	5.718053e+00	9.716481e+00
4.600000e+01	3.151231e+00	5.718053e+00	7.015568e+00
4.605000e+01	4.710063e+00	5.718053e+00	4.278105e+00
4.610000e+01	7.982384e+00	5.718053e+00	2.835866e+00
4.615000e+01	1.001415e+01	5.718053e+00	3.266832e+00
4.620000e+01	8.325246e+00	5.718053e+00	5.189871e+00
4.625000e+01	5.647301e+00	5.718053e+00	7.153168e+00
4.630000e+01	3.723373e+00	5.718053e+00	7.468589e+00
4.635000e+01	2.814887e+00	5.718053e+00	6.675922e+00
4.640000e+01	2.942390e+00	5.718053e+00	5.491190e+00
4.645000e+01	4.437109e+00	5.718053e+00	4.562556e+00
4.650000e+01	7.677171e+00	5.718053e+00	4.349864e+00
4.655000e+01	1.039756e+01	5.718053e+00	5.473359e+00
4.660000e+01	8.937111e+00	5.718053e+00	7.506695e+00
4.665000e+01	5.644301e+00	5.718053e+00	8.329810e+00
4.670000e+01	3.502450e+00	5.718053e+00	6.658005e+00
4.675000e+01	2.782914e+00	5.718053e+00	4.623785e+00
4.680000e+01	3.155003e+00	5.718053e+00	3.620890e+00
4.685000e+01	4.719498e+00	5.718053e+00	3.661574e+00
4.690000e+01	7.546916e+00	5.718053e+00	4.787117e+00
4.695000e+01	9.738373e+00	5.718053e+00	6.979644e+00
4.700000e+01	8.535188e+00	5.718053e+00	8.611306e+00
4.705000e+01	5.654980e+00	5.718053e+00	7.814031e+00
4.710000e+01	3.719255e+00	5.718053e+00	5.882597e+00
4.715000e+01	3.066343e+00	5.718053e+00	4.449154e+00
4.720000e+01	3.454728e+00	5.718053e+00	3.891968e+00
4.725000e+01	4.965246e+00	5.718053e+00	4.111545e+00
4.730000e+01	7.498994e+00	5.718053e+00	5.009056e+00
4.735000e+01	9.223266e+00	5.718053e+00	6.296482e+00
4.740000e+01	8.012193e+00	5.718053e+00	7.209345e+00
4.745000e+01	5.420598e+00	5.718053e+00	7.178197e+00
4.750000e+01	3.607005e+00	5.718053e+00	6.403234e+00
4.755000e+01	2.968001e+00	5.718053e+00	5.466373e+00
4.760000e+01	3.435880e+00	5.718053e+00	4.856300e+00
4.765000e+01	5.296665e+00	5.718053e+00	4.730878e+00
4.770000e+01	8.364543e+00	5.718053e+00	5.075686e+00
4.775000e+01	9.814567e+00	5.718053e+00	5.847450e+00
4.780000e+01	7.754960e+00	5.718053e+00	6.750210e+00
4.785000e+01	4.966748e+00	5.718053e+00	7.053449e+00
4.790000e+01	3.309482e+00	5.718053e+00	6.453325e+00
4.795000e+01	2.844739e+00	5.718053e+00	5.524171e+00
4.800000e+01	3.501375e+00	5.718053e+00	4.830966e+00
4.805000e+01	5.581086e+00	5.718053e+00	4.578951e+00
4.810000e+01	8.649584e+00	5.718053e+00	4.886419e+00
4.815000e+01	9.691373e+00	5.718053e+00	5.802918e+00
4.820000e+01	7.481758e+00	5.718053e+00	6.887414e+00
4.825000e+01	4.859891e+00	5.718053e+00	7.210593e+00
4.830000e+01	3.350930e+00	5.718053e+00	6.510453e+00
4.835000e+01	2.985015e+00	5.718053e+00	5.443616e+00
4.840000e+01	3.713907e+00	5.718053e+00	4.589566e+00
4.845000e+01	5.745434e+00	5.718053e+00	4.250575e+00
4.850000e+01	8.506089e+00	5.718053e+00	4.709017e+00
4.855000e+01	9.336101e+00	5.718053e+00	6.067787e+00
4.860000e+01	7.281330e+00	5.718053e+00	7.449681e+00
4.865000e+01	4.811529e+00	5.718053e+00	7.472601e+00
4.870000e+01	3.418652e+00	5.718053e+00	6.357280e+00
4.875000e+01	3.172207e+00	5.718053e+00	5.250130e+00
4.880000e+01	4.025455e+00	5.718053e+00	4.593154e+00
4.885000e+01	6.068580e+00	5.718053e+00	4.436514e+00
4.890000e+01	8.458111e+00	5.718053e+00	4.915248e+00
4.895000e+01	8.839285e+00	5.718053e+00	6.010052e+00
4.900000e+01	6.932101e+00	5.718053e+00	7.099763e+00
4.905000e+01	4.828915e+00	5.718053e+00	7.248565e+00
4.910000e+01	3.642009e+00	5.718053e+00	6.401784e+00
4.915000e+01	3.480943e+00	5.718053e+00	5.318879e+00
4.920000e+01	4.335319e+00	5.718053e+00	4.552978e+00
4.925000e+01	6.174521e+00	5.718053e+00	4.335740e+00
4.930000e+01	8.121132e+00	5.718053e+00	4.791265e+00
4.935000e+01	8.336397e+00	5.718053e+00	5.867590e+00
4.940000e+01	6.669414e+00	5.718053e+00	6.979173e+00
4.945000e+01	4.743531e+00	5.718053e+00	7.095256e+00
4.950000e+01	3.599297e+00	5.718053e+00	5.968179e+00
4.955000e+01	3.424387e+00	5.718053e+00	4.713438e+00
4.960000e+01	4.272893e+00	5.718053e+00	4.272269e+00
4.965000e+01	6.280999e+00	5.718053e+00	4.862800e+00
4.970000e+01	8.618745e+00	5.718053e+00	6.224578e+00
4.975000e+01	8.755578e+00	5.718053e+00	7.476780e+00
4.980000e+01	6.509977e+00	5.718053e+00	7.507594e+00
4.985000e+01	4.379588e+00	5.718053e+00	6.142671e+00
4.990000e+01	3.370557e+00	5.718053e+00	4.322267e+00
4.995000e+01	3.375422e+00	5.718053e+00	3.191682e+00
