0.000000e+00	2.775552e+00	2.775552e+00
5.000000e-03	2.720561e+00
1.000000e-02	2.666840e+00
1.500000e-02	2.614544e+00
2.000000e-02	2.563799e+00
2.500000e-02	2.514703e+00
3.000000e-02	2.467332e+00
3.500000e-02	2.421739e+00
4.000000e-02	2.377957e+00
4.500000e-02	2.336000e+00
5.000000e-02	2.295870e+00
5.500000e-02	2.257551e+00
6.000000e-02	2.221018e+00
6.500000e-02	2.186238e+00
7.000000e-02	2.153169e+00
7.500000e-02	2.121762e+00
8.000000e-02	2.091965e+00
8.500000e-02	2.063722e+00
9.000000e-02	2.036977e+00
9.500000e-02	2.011670e+00
1.000000e-01	1.987743e+00
1.050000e-01	1.965139e+00
1.100000e-01	1.943800e+00
1.150000e-01	1.923671e+00
1.200000e-01	1.904699e+00
1.250000e-01	1.886833e+00
1.300000e-01	1.870024e+00
1.350000e-01	1.854227e+00
1.400000e-01	1.839398e+00
1.450000e-01	1.825495e+00
1.500000e-01	1.812482e+00
1.550000e-01	1.800321e+00
1.600000e-01	1.788979e+00
1.650000e-01	1.778426e+00
1.700000e-01	1.768631e+00
1.750000e-01	1.759568e+00
1.800000e-01	1.751211e+00
1.850000e-01	1.743536e+00
1.900000e-01	1.736521e+00
1.950000e-01	1.730146e+00
2.000000e-01	1.724391e+00
2.050000e-01	1.719237e+00
2.100000e-01	1.714668e+00
2.150000e-01	1.710667e+00
2.200000e-01	1.707219e+00
2.250000e-01	1.704310e+00
2.300000e-01	1.701925e+00
2.350000e-01	1.700052e+00
2.400000e-01	1.698678e+00
2.450000e-01	1.697792e+00
2.500000e-01	1.697383e+00
2.550000e-01	1.697440e+00
2.600000e-01	1.697954e+00
2.650000e-01	1.698915e+00
2.700000e-01	1.700315e+00
2.750000e-01	1.702146e+00
2.800000e-01	1.704400e+00
2.850000e-01	1.707071e+00
2.900000e-01	1.710153e+00
2.950000e-01	1.713640e+00
3.000000e-01	1.717527e+00
3.050000e-01	1.721811e+00
3.100000e-01	1.726488e+00
3.150000e-01	1.731555e+00
3.200000e-01	1.737009e+00
3.250000e-01	1.742850e+00
3.300000e-01	1.749076e+00
3.350000e-01	1.755687e+00
3.400000e-01	1.762681e+00
3.450000e-01	1.770059e+00
3.500000e-01	1.777821e+00
3.550000e-01	1.785968e+00
3.600000e-01	1.794497e+00
3.650000e-01	1.803410e+00
3.700000e-01	1.812705e+00
3.750000e-01	1.822381e+00
3.800000e-01	1.832433e+00
3.850000e-01	1.842859e+00
3.900000e-01	1.853653e+00
3.950000e-01	1.864808e+00
4.000000e-01	1.876313e+00
4.050000e-01	1.888159e+00
4.100000e-01	1.900331e+00
4.150000e-01	1.912811e+00
4.200000e-01	1.925580e+00
4.250000e-01	1.938613e+00
4.300000e-01	1.951884e+00
4.350000e-01	1.965359e+00
4.400000e-01	1.979002e+00
4.450000e-01	1.992772e+00
4.500000e-01	2.006622e+00
4.550000e-01	2.020499e+00
4.600000e-01	2.034345e+00
4.650000e-01	2.048093e+00
4.700000e-01	2.061673e+00
4.750000e-01	2.075005e+00
4.800000e-01	2.088004e+00
4.850000e-01	2.100576e+00
4.900000e-01	2.112620e+00
4.950000e-01	2.124027e+00
5.000000e-01	2.134683e+00
5.050000e-01	2.144465e+00
5.100000e-01	2.153243e+00
5.150000e-01	2.160884e+00
5.200000e-01	2.167248e+00
5.250000e-01	2.172193e+00
5.300000e-01	2.175574e+00
5.350000e-01	2.177248e+00
5.400000e-01	2.177071e+00
5.450000e-01	2.174909e+00
5.500000e-01	2.170631e+00
5.550000e-01	2.164119e+00
5.600000e-01	2.155271e+00
5.650000e-01	2.144002e+00
5.700000e-01	2.130249e+00
5.750000e-01	2.113974e+00
5.800000e-01	2.095169e+00
5.850000e-01	2.073858e+00
5.900000e-01	2.050100e+00
5.950000e-01	2.023990e+00
6.000000e-01	1.995662e+00
6.050000e-01	1.965285e+00
6.100000e-01	1.933066e+00
6.150000e-01	1.899246e+00
6.200000e-01	1.864094e+00
6.250000e-01	1.827907e+00
6.300000e-01	1.790998e+00
6.350000e-01	1.753692e+00
6.400000e-01	1.716320e+00
6.450000e-01	1.679208e+00
6.500000e-01	1.642670e+00
6.550000e-01	1.606999e+00
6.600000e-01	1.572462e+00
6.650000e-01	1.539294e+00
6.700000e-01	1.507689e+00
6.750000e-01	1.477799e+00
6.800000e-01	1.449734e+00
6.850000e-01	1.423554e+00
6.900000e-01	1.399280e+00
6.950000e-01	1.376885e+00
7.000000e-01	1.356306e+00
7.050000e-01	1.337442e+00
7.100000e-01	1.320165e+00
7.150000e-01	1.304321e+00
7.200000e-01	1.289740e+00
7.250000e-01	1.276241e+00
7.300000e-01	1.263641e+00
7.350000e-01	1.251760e+00
7.400000e-01	1.240433e+00
7.450000e-01	1.229510e+00
7.500000e-01	1.218872e+00
7.550000e-01	1.208431e+00
7.600000e-01	1.198140e+00
7.650000e-01	1.187995e+00
7.700000e-01	1.178043e+00
7.750000e-01	1.168382e+00
7.800000e-01	1.159168e+00
7.850000e-01	1.150607e+00
7.900000e-01	1.142962e+00
7.950000e-01	1.136549e+00
8.000000e-01	1.131730e+00	1.131730e+00
8.050000e-01	1.128910e+00
8.100000e-01	1.128530e+00
8.150000e-01	1.131060e+00
8.200000e-01	1.136990e+00
8.250000e-01	1.146819e+00
8.300000e-01	1.161047e+00
8.350000e-01	1.180161e+00
8.400000e-01	1.204629e+00
8.450000e-01	1.234882e+00
8.500000e-01	1.271311e+00
8.550000e-01	1.314247e+00
8.600000e-01	1.363962e+00
8.650000e-01	1.420649e+00
8.700000e-01	1.484424e+00
8.750000e-01	1.555315e+00
8.800000e-01	1.633258e+00
8.850000e-01	1.718098e+00
8.900000e-01	1.809584e+00
8.950000e-01	1.907372e+00
9.000000e-01	2.011032e+00
9.050000e-01	2.120045e+00
9.100000e-01	2.233815e+00
9.150000e-01	2.351673e+00
9.200000e-01	2.472885e+00
9.250000e-01	2.596660e+00
9.300000e-01	2.722161e+00
9.350000e-01	2.848510e+00
9.400000e-01	2.974801e+00
9.450000e-01	3.100106e+00
9.500000e-01	3.223485e+00
9.550000e-01	3.343997e+00
9.600000e-01	3.460705e+00
9.650000e-01	3.572690e+00
9.700000e-01	3.679059e+00
9.750000e-01	3.778955e+00
9.800000e-01	3.871567e+00
9.850000e-01	3.956141e+00
9.900000e-01	4.031992e+00
9.950000e-01	4.098514e+00
1.000000e+00	4.155191e+00
1.005000e+00	4.201603e+00
1.010000e+00	4.237440e+00
1.015000e+00	4.262502e+00
1.020000e+00	4.276709e+00
1.025000e+00	4.280099e+00
1.030000e+00	4.272830e+00
1.035000e+00	4.255178e+00
1.040000e+00	4.227526e+00
1.045000e+00	4.190363e+00
1.050000e+00	4.144267e+00
1.055000e+00	4.089899e+00
1.060000e+00	4.027983e+00
1.065000e+00	3.959297e+00
1.070000e+00	3.884654e+00
1.075000e+00	3.804890e+00
1.080000e+00	3.720847e+00
1.085000e+00	3.633360e+00
1.090000e+00	3.543247e+00
1.095000e+00	3.451294e+00
1.100000e+00	3.358246e+00
1.105000e+00	3.264803e+00
1.110000e+00	3.171609e+00
1.115000e+00	3.079250e+00
1.120000e+00	2.988251e+00
1.125000e+00	2.899072e+00
1.130000e+00	2.812111e+00
1.135000e+00	2.727700e+00
1.140000e+00	2.646113e+00
1.145000e+00	2.567562e+00
1.150000e+00	2.492203e+00
1.155000e+00	2.420139e+00
1.160000e+00	2.351425e+00
1.165000e+00	2.286069e+00
1.170000e+00	2.224038e+00
1.175000e+00	2.165264e+00
1.180000e+00	2.109644e+00
1.185000e+00	2.057048e+00
1.190000e+00	2.007324e+00
1.195000e+00	1.960296e+00
1.200000e+00	1.915777e+00
1.205000e+00	1.873566e+00
1.210000e+00	1.833456e+00
1.215000e+00	1.795233e+00
1.220000e+00	1.758687e+00
1.225000e+00	1.723609e+00
1.230000e+00	1.689797e+00
1.235000e+00	1.657057e+00
1.240000e+00	1.625209e+00
1.245000e+00	1.594085e+00
1.250000e+00	1.563535e+00
1.255000e+00	1.533426e+00
1.260000e+00	1.503644e+00
1.265000e+00	1.474093e+00
1.270000e+00	1.444700e+00
1.275000e+00	1.415410e+00
1.280000e+00	1.386189e+00
1.285000e+00	1.357020e+00
1.290000e+00	1.327904e+00
1.295000e+00	1.298861e+00
1.300000e+00	1.269922e+00
1.305000e+00	1.241133e+00
1.310000e+00	1.212552e+00
1.315000e+00	1.184244e+00
1.320000e+00	1.156281e+00
1.325000e+00	1.128745e+00
1.330000e+00	1.101715e+00
1.335000e+00	1.075278e+00
1.340000e+00	1.049520e+00
1.345000e+00	1.024525e+00
1.350000e+00	1.000380e+00
1.355000e+00	9.771684e-01
1.360000e+00	9.549720e-01
1.365000e+00	9.338719e-01
1.370000e+00	9.139479e-01
1.375000e+00	8.952788e-01
1.380000e+00	8.779437e-01
1.385000e+00	8.620220e-01
1.390000e+00	8.475953e-01
1.395000e+00	8.347474e-01
1.400000e+00	8.235661e-01
1.405000e+00	8.141441e-01
1.410000e+00	8.065794e-01
1.415000e+00	8.009771e-01
1.420000e+00	7.974493e-01
1.425000e+00	7.961163e-01
1.430000e+00	7.971069e-01
1.435000e+00	8.005581e-01
1.440000e+00	8.066157e-01
1.445000e+00	8.154332e-01
1.450000e+00	8.271715e-01
1.455000e+00	8.419976e-01
1.460000e+00	8.600830e-01
1.465000e+00	8.816021e-01
1.470000e+00	9.067293e-01
1.475000e+00	9.356372e-01
1.480000e+00	9.684927e-01
1.485000e+00	1.005454e+00
1.490000e+00	1.046668e+00
1.495000e+00	1.092263e+00
1.500000e+00	1.142348e+00
1.505000e+00	1.197008e+00
1.510000e+00	1.256299e+00
1.515000e+00	1.320241e+00
1.520000e+00	1.388819e+00
1.525000e+00	1.461977e+00
1.530000e+00	1.539612e+00
1.535000e+00	1.621575e+00
1.540000e+00	1.707666e+00
1.545000e+00	1.797634e+00
1.550000e+00	1.891171e+00
1.555000e+00	1.987920e+00
1.560000e+00	2.087469e+00
1.565000e+00	2.189354e+00
1.570000e+00	2.293064e+00
1.575000e+00	2.398041e+00
1.580000e+00	2.503687e+00
1.585000e+00	2.609370e+00
1.590000e+00	2.714427e+00
1.595000e+00	2.818172e+00
1.600000e+00	2.919909e+00	2.919909e+00
1.605000e+00	3.018930e+00
1.610000e+00	3.114535e+00
1.615000e+00	3.206032e+00
1.620000e+00	3.292751e+00
1.625000e+00	3.374052e+00
1.630000e+00	3.449336e+00
1.635000e+00	3.518048e+00
1.640000e+00	3.579693e+00
1.645000e+00	3.633835e+00
1.650000e+00	3.680112e+00
1.655000e+00	3.718233e+00
1.660000e+00	3.747989e+00
1.665000e+00	3.769251e+00
1.670000e+00	3.781975e+00
1.675000e+00	3.786198e+00
1.680000e+00	3.782041e+00
1.685000e+00	3.769698e+00
1.690000e+00	3.749443e+00
1.695000e+00	3.721611e+00
1.700000e+00	3.686602e+00
1.705000e+00	3.644867e+00
1.710000e+00	3.596902e+00
1.715000e+00	3.543238e+00
1.720000e+00	3.484432e+00
1.725000e+00	3.421059e+00
1.730000e+00	3.353703e+00
1.735000e+00	3.282947e+00
1.740000e+00	3.209370e+00
1.745000e+00	3.133534e+00
1.750000e+00	3.055983e+00
1.755000e+00	2.977235e+00
1.760000e+00	2.897781e+00
1.765000e+00	2.818077e+00
1.770000e+00	2.738548e+00
1.775000e+00	2.659578e+00
1.780000e+00	2.581519e+00
1.785000e+00	2.504685e+00
1.790000e+00	2.429351e+00
1.795000e+00	2.355761e+00
1.800000e+00	2.284121e+00
1.805000e+00	2.214607e+00
1.810000e+00	2.147366e+00
1.815000e+00	2.082515e+00
1.820000e+00	2.020146e+00
1.825000e+00	1.960328e+00
1.830000e+00	1.903109e+00
1.835000e+00	1.848518e+00
1.840000e+00	1.796566e+00
1.845000e+00	1.747253e+00
1.850000e+00	1.700564e+00
1.855000e+00	1.656474e+00
1.860000e+00	1.614948e+00
1.865000e+00	1.575946e+00
1.870000e+00	1.539421e+00
1.875000e+00	1.505321e+00
1.880000e+00	1.473590e+00
1.885000e+00	1.444173e+00
1.890000e+00	1.417010e+00
1.895000e+00	1.392040e+00
1.900000e+00	1.369206e+00
1.905000e+00	1.348448e+00
1.910000e+00	1.329708e+00
1.915000e+00	1.312930e+00
1.920000e+00	1.298059e+00
1.925000e+00	1.285042e+00
1.930000e+00	1.273831e+00
1.935000e+00	1.264375e+00
1.940000e+00	1.256631e+00
1.945000e+00	1.250555e+00
1.950000e+00	1.246107e+00
1.955000e+00	1.243249e+00
1.960000e+00	1.241945e+00
1.965000e+00	1.242162e+00
1.970000e+00	1.243869e+00
1.975000e+00	1.247038e+00
1.980000e+00	1.251640e+00
1.985000e+00	1.257650e+00
1.990000e+00	1.265045e+00
1.995000e+00	1.273802e+00
2.000000e+00	1.283899e+00
2.005000e+00	1.295316e+00
2.010000e+00	1.308031e+00
2.015000e+00	1.322025e+00
2.020000e+00	1.337278e+00
2.025000e+00	1.353770e+00
2.030000e+00	1.371480e+00
2.035000e+00	1.390386e+00
2.040000e+00	1.410466e+00
2.045000e+00	1.431696e+00
2.050000e+00	1.454051e+00
2.055000e+00	1.477502e+00
2.060000e+00	1.502022e+00
2.065000e+00	1.527578e+00
2.070000e+00	1.554135e+00
2.075000e+00	1.581658e+00
2.080000e+00	1.610107e+00
2.085000e+00	1.639438e+00
2.090000e+00	1.669606e+00
2.095000e+00	1.700562e+00
2.100000e+00	1.732253e+00
2.105000e+00	1.764623e+00
2.110000e+00	1.797612e+00
2.115000e+00	1.831157e+00
2.120000e+00	1.865193e+00
2.125000e+00	1.899649e+00
2.130000e+00	1.934451e+00
2.135000e+00	1.969524e+00
2.140000e+00	2.004789e+00
2.145000e+00	2.040162e+00
2.150000e+00	2.075559e+00
2.155000e+00	2.110892e+00
2.160000e+00	2.146073e+00
2.165000e+00	2.181010e+00
2.170000e+00	2.215611e+00
2.175000e+00	2.249783e+00
2.180000e+00	2.283434e+00
2.185000e+00	2.316469e+00
2.190000e+00	2.348798e+00
2.195000e+00	2.380329e+00
2.200000e+00	2.410976e+00
2.205000e+00	2.440653e+00
2.210000e+00	2.469278e+00
2.215000e+00	2.496777e+00
2.220000e+00	2.523077e+00
2.225000e+00	2.548114e+00
2.230000e+00	2.571831e+00
2.235000e+00	2.594178e+00
2.240000e+00	2.615114e+00
2.245000e+00	2.634608e+00
2.250000e+00	2.652638e+00
2.255000e+00	2.669191e+00
2.260000e+00	2.684269e+00
2.265000e+00	2.697880e+00
2.270000e+00	2.710047e+00
2.275000e+00	2.720802e+00
2.280000e+00	2.730189e+00
2.285000e+00	2.738265e+00
2.290000e+00	2.745095e+00
2.295000e+00	2.750756e+00
2.300000e+00	2.755333e+00
2.305000e+00	2.758923e+00
2.310000e+00	2.761628e+00
2.315000e+00	2.763560e+00
2.320000e+00	2.764836e+00
2.325000e+00	2.765577e+00
2.330000e+00	2.765909e+00
2.335000e+00	2.765957e+00
2.340000e+00	2.765847e+00
2.345000e+00	2.765701e+00
2.350000e+00	2.765638e+00
2.355000e+00	2.765766e+00
2.360000e+00	2.766185e+00
2.365000e+00	2.766981e+00
2.370000e+00	2.768222e+00
2.375000e+00	2.769958e+00
2.380000e+00	2.772218e+00
2.385000e+00	2.775006e+00
2.390000e+00	2.778298e+00
2.395000e+00	2.782044e+00
2.400000e+00	2.786163e+00	2.786163e+00
2.405000e+00	2.790547e+00
2.410000e+00	2.795058e+00
2.415000e+00	2.799529e+00
2.420000e+00	2.803772e+00
2.425000e+00	2.807573e+00
2.430000e+00	2.810705e+00
2.435000e+00	2.812926e+00
2.440000e+00	2.813990e+00
2.445000e+00	2.813648e+00
2.450000e+00	2.811661e+00
2.455000e+00	2.807802e+00
2.460000e+00	2.801863e+00
2.465000e+00	2.793663e+00
2.470000e+00	2.783052e+00
2.475000e+00	2.769915e+00
2.480000e+00	2.754177e+00
2.485000e+00	2.735801e+00
2.490000e+00	2.714796e+00
2.495000e+00	2.691210e+00
2.500000e+00	2.665129e+00
2.505000e+00	2.636681e+00
2.510000e+00	2.606022e+00
2.515000e+00	2.573342e+00
2.520000e+00	2.538852e+00
2.525000e+00	2.502783e+00
2.530000e+00	2.465381e+00
2.535000e+00	2.426897e+00
2.540000e+00	2.387590e+00
2.545000e+00	2.347714e+00
2.550000e+00	2.307519e+00
2.555000e+00	2.267246e+00
2.560000e+00	2.227122e+00
2.565000e+00	2.187363e+00
2.570000e+00	2.148164e+00
2.575000e+00	2.109705e+00
2.580000e+00	2.072148e+00
2.585000e+00	2.035634e+00
2.590000e+00	2.000287e+00
2.595000e+00	1.966212e+00
2.600000e+00	1.933496e+00
2.605000e+00	1.902211e+00
2.610000e+00	1.872413e+00
2.615000e+00	1.844143e+00
2.620000e+00	1.817430e+00
2.625000e+00	1.792291e+00
2.630000e+00	1.768732e+00
2.635000e+00	1.746752e+00
2.640000e+00	1.726341e+00
2.645000e+00	1.707481e+00
2.650000e+00	1.690151e+00
2.655000e+00	1.674323e+00
2.660000e+00	1.659968e+00
2.665000e+00	1.647051e+00
2.670000e+00	1.635537e+00
2.675000e+00	1.625388e+00
2.680000e+00	1.616566e+00
2.685000e+00	1.609032e+00
2.690000e+00	1.602746e+00
2.695000e+00	1.597669e+00
2.700000e+00	1.593762e+00
2.705000e+00	1.590986e+00
2.710000e+00	1.589303e+00
2.715000e+00	1.588676e+00
2.720000e+00	1.589068e+00
2.725000e+00	1.590444e+00
2.730000e+00	1.592768e+00
2.735000e+00	1.596008e+00
2.740000e+00	1.600130e+00
2.745000e+00	1.605102e+00
2.750000e+00	1.610893e+00
2.755000e+00	1.617473e+00
2.760000e+00	1.624811e+00
2.765000e+00	1.632880e+00
2.770000e+00	1.641651e+00
2.775000e+00	1.651097e+00
2.780000e+00	1.661191e+00
2.785000e+00	1.671908e+00
2.790000e+00	1.683222e+00
2.795000e+00	1.695108e+00
2.800000e+00	1.707543e+00
2.805000e+00	1.720503e+00
2.810000e+00	1.733964e+00
2.815000e+00	1.747905e+00
2.820000e+00	1.762302e+00
2.825000e+00	1.777135e+00
2.830000e+00	1.792382e+00
2.835000e+00	1.808021e+00
2.840000e+00	1.824032e+00
2.845000e+00	1.840394e+00
2.850000e+00	1.857084e+00
2.855000e+00	1.874083e+00
2.860000e+00	1.891369e+00
2.865000e+00	1.908920e+00
2.870000e+00	1.926714e+00
2.875000e+00	1.944726e+00
2.880000e+00	1.962935e+00
2.885000e+00	1.981314e+00
2.890000e+00	1.999838e+00
2.895000e+00	2.018478e+00
2.900000e+00	2.037207e+00
2.905000e+00	2.055992e+00
2.910000e+00	2.074801e+00
2.915000e+00	2.093598e+00
2.920000e+00	2.112346e+00
2.925000e+00	2.131003e+00
2.930000e+00	2.149526e+00
2.935000e+00	2.167868e+00
2.940000e+00	2.185978e+00
2.945000e+00	2.203801e+00
2.950000e+00	2.221279e+00
2.955000e+00	2.238349e+00
2.960000e+00	2.254943e+00
2.965000e+00	2.270990e+00
2.970000e+00	2.286413e+00
2.975000e+00	2.301131e+00
2.980000e+00	2.315058e+00
2.985000e+00	2.328104e+00
2.990000e+00	2.340175e+00
2.995000e+00	2.351173e+00
3.000000e+00	2.360998e+00
3.005000e+00	2.369548e+00
3.010000e+00	2.376717e+00
3.015000e+00	2.382403e+00
3.020000e+00	2.386502e+00
3.025000e+00	2.388915e+00
3.030000e+00	2.389546e+00
3.035000e+00	2.388306e+00
3.040000e+00	2.385113e+00
3.045000e+00	2.379897e+00
3.050000e+00	2.372598e+00
3.055000e+00	2.363170e+00
3.060000e+00	2.351585e+00
3.065000e+00	2.337828e+00
3.070000e+00	2.321906e+00
3.075000e+00	2.303843e+00
3.080000e+00	2.283686e+00
3.085000e+00	2.261499e+00
3.090000e+00	2.237369e+00
3.095000e+00	2.211401e+00
3.100000e+00	2.183719e+00
3.105000e+00	2.154463e+00
3.110000e+00	2.123790e+00
3.115000e+00	2.091870e+00
3.120000e+00	2.058883e+00
3.125000e+00	2.025018e+00
3.130000e+00	1.990470e+00
3.135000e+00	1.955436e+00
3.140000e+00	1.920117e+00
3.145000e+00	1.884710e+00
3.150000e+00	1.849411e+00
3.155000e+00	1.814411e+00
3.160000e+00	1.779892e+00
3.165000e+00	1.746034e+00
3.170000e+00	1.713004e+00
3.175000e+00	1.680963e+00
3.180000e+00	1.650065e+00
3.185000e+00	1.620451e+00
3.190000e+00	1.592258e+00
3.195000e+00	1.565612e+00
3.200000e+00	1.540635e+00	1.540635e+00
3.205000e+00	1.517438e+00
3.210000e+00	1.496128e+00
3.215000e+00	1.476806e+00
3.220000e+00	1.459569e+00
3.225000e+00	1.444506e+00
3.230000e+00	1.431706e+00
3.235000e+00	1.421249e+00
3.240000e+00	1.413216e+00
3.245000e+00	1.407679e+00
3.250000e+00	1.404710e+00
3.255000e+00	1.404375e+00
3.260000e+00	1.406735e+00
3.265000e+00	1.411846e+00
3.270000e+00	1.419758e+00
3.275000e+00	1.430517e+00
3.280000e+00	1.444159e+00
3.285000e+00	1.460715e+00
3.290000e+00	1.480204e+00
3.295000e+00	1.502639e+00
3.300000e+00	1.528022e+00
3.305000e+00	1.556342e+00
3.310000e+00	1.587580e+00
3.315000e+00	1.621700e+00
3.320000e+00	1.658656e+00
3.325000e+00	1.698385e+00
3.330000e+00	1.740813e+00
3.335000e+00	1.785847e+00
3.340000e+00	1.833379e+00
3.345000e+00	1.883286e+00
3.350000e+00	1.935427e+00
3.355000e+00	1.989644e+00
3.360000e+00	2.045762e+00
3.365000e+00	2.103590e+00
3.370000e+00	2.162920e+00
3.375000e+00	2.223527e+00
3.380000e+00	2.285171e+00
3.385000e+00	2.347597e+00
3.390000e+00	2.410537e+00
3.395000e+00	2.473710e+00
3.400000e+00	2.536824e+00
3.405000e+00	2.599578e+00
3.410000e+00	2.661665e+00
3.415000e+00	2.722774e+00
3.420000e+00	2.782589e+00
3.425000e+00	2.840797e+00
3.430000e+00	2.897090e+00
3.435000e+00	2.951165e+00
3.440000e+00	3.002728e+00
3.445000e+00	3.051501e+00
3.450000e+00	3.097220e+00
3.455000e+00	3.139643e+00
3.460000e+00	3.178546e+00
3.465000e+00	3.213735e+00
3.470000e+00	3.245041e+00
3.475000e+00	3.272322e+00
3.480000e+00	3.295471e+00
3.485000e+00	3.314410e+00
3.490000e+00	3.329093e+00
3.495000e+00	3.339508e+00
3.500000e+00	3.345672e+00
3.505000e+00	3.347635e+00
3.510000e+00	3.345473e+00
3.515000e+00	3.339290e+00
3.520000e+00	3.329213e+00
3.525000e+00	3.315390e+00
3.530000e+00	3.297988e+00
3.535000e+00	3.277185e+00
3.540000e+00	3.253172e+00
3.545000e+00	3.226148e+00
3.550000e+00	3.196313e+00
3.555000e+00	3.163871e+00
3.560000e+00	3.129022e+00
3.565000e+00	3.091959e+00
3.570000e+00	3.052872e+00
3.575000e+00	3.011938e+00
3.580000e+00	2.969326e+00
3.585000e+00	2.925192e+00
3.590000e+00	2.879681e+00
3.595000e+00	2.832925e+00
3.600000e+00	2.785045e+00
3.605000e+00	2.736149e+00
3.610000e+00	2.686338e+00
3.615000e+00	2.635702e+00
3.620000e+00	2.584324e+00
3.625000e+00	2.532282e+00
3.630000e+00	2.479647e+00
3.635000e+00	2.426492e+00
3.640000e+00	2.372885e+00
3.645000e+00	2.318895e+00
3.650000e+00	2.264595e+00
3.655000e+00	2.210057e+00
3.660000e+00	2.155359e+00
3.665000e+00	2.100581e+00
3.670000e+00	2.045810e+00
3.675000e+00	1.991132e+00
3.680000e+00	1.936642e+00
3.685000e+00	1.882434e+00
3.690000e+00	1.828607e+00
3.695000e+00	1.775260e+00
3.700000e+00	1.722493e+00
3.705000e+00	1.670407e+00
3.710000e+00	1.619097e+00
3.715000e+00	1.568661e+00
3.720000e+00	1.519189e+00
3.725000e+00	1.470767e+00
3.730000e+00	1.423476e+00
3.735000e+00	1.377391e+00
3.740000e+00	1.332581e+00
3.745000e+00	1.289104e+00
3.750000e+00	1.247015e+00
3.755000e+00	1.206358e+00
3.760000e+00	1.167172e+00
3.765000e+00	1.129487e+00
3.770000e+00	1.093328e+00
3.775000e+00	1.058711e+00
3.780000e+00	1.025650e+00
3.785000e+00	9.941498e-01
3.790000e+00	9.642137e-01
3.795000e+00	9.358405e-01
3.800000e+00	9.090265e-01
3.805000e+00	8.837662e-01
3.810000e+00	8.600531e-01
3.815000e+00	8.378810e-01
3.820000e+00	8.172445e-01
3.825000e+00	7.981399e-01
3.830000e+00	7.805668e-01
3.835000e+00	7.645279e-01
3.840000e+00	7.500308e-01
3.845000e+00	7.370888e-01
3.850000e+00	7.257213e-01
3.855000e+00	7.159551e-01
3.860000e+00	7.078250e-01
3.865000e+00	7.013752e-01
3.870000e+00	6.966593e-01
3.875000e+00	6.937419e-01
3.880000e+00	6.926989e-01
3.885000e+00	6.936185e-01
3.890000e+00	6.966017e-01
3.895000e+00	7.017628e-01
3.900000e+00	7.092302e-01
3.905000e+00	7.191464e-01
3.910000e+00	7.316680e-01
3.915000e+00	7.469660e-01
3.920000e+00	7.652252e-01
3.925000e+00	7.866433e-01
3.930000e+00	8.114301e-01
3.935000e+00	8.398057e-01
3.940000e+00	8.719989e-01
3.945000e+00	9.082442e-01
3.950000e+00	9.487791e-01
3.955000e+00	9.938405e-01
3.960000e+00	1.043660e+00
3.965000e+00	1.098460e+00
3.970000e+00	1.158447e+00
3.975000e+00	1.223806e+00
3.980000e+00	1.294698e+00
3.985000e+00	1.371246e+00
3.990000e+00	1.453534e+00
3.995000e+00	1.541597e+00
4.000000e+00	1.635419e+00	1.635419e+00
4.005000e+00	1.734917e+00
4.010000e+00	1.839944e+00
4.015000e+00	1.950278e+00
4.020000e+00	2.065621e+00
4.025000e+00	2.185591e+00
4.030000e+00	2.309722e+00
4.035000e+00	2.437463e+00
4.040000e+00	2.568177e+00
4.045000e+00	2.701145e+00
4.050000e+00	2.835568e+00
4.055000e+00	2.970575e+00
4.060000e+00	3.105227e+00
4.065000e+00	3.238533e+00
4.070000e+00	3.369453e+00
4.075000e+00	3.496922e+00
4.080000e+00	3.619855e+00
4.085000e+00	3.737172e+00
4.090000e+00	3.847811e+00
4.095000e+00	3.950749e+00
4.100000e+00	4.045020e+00
4.105000e+00	4.129734e+00
4.110000e+00	4.204098e+00
4.115000e+00	4.267428e+00
4.120000e+00	4.319169e+00
4.125000e+00	4.358904e+00
4.130000e+00	4.386363e+00
4.135000e+00	4.401430e+00
4.140000e+00	4.404147e+00
4.145000e+00	4.394705e+00
4.150000e+00	4.373447e+00
4.155000e+00	4.340851e+00
4.160000e+00	4.297521e+00
4.165000e+00	4.244172e+00
4.170000e+00	4.181607e+00
4.175000e+00	4.110707e+00
4.180000e+00	4.032404e+00
4.185000e+00	3.947663e+00
4.190000e+00	3.857464e+00
4.195000e+00	3.762785e+00
4.200000e+00	3.664583e+00
4.205000e+00	3.563783e+00
4.210000e+00	3.461262e+00
4.215000e+00	3.357845e+00
4.220000e+00	3.254292e+00
4.225000e+00	3.151294e+00
4.230000e+00	3.049474e+00
4.235000e+00	2.949381e+00
4.240000e+00	2.851491e+00
4.245000e+00	2.756212e+00
4.250000e+00	2.663885e+00
4.255000e+00	2.574784e+00
4.260000e+00	2.489129e+00
4.265000e+00	2.407081e+00
4.270000e+00	2.328756e+00
4.275000e+00	2.254223e+00
4.280000e+00	2.183513e+00
4.285000e+00	2.116626e+00
4.290000e+00	2.053528e+00
4.295000e+00	1.994165e+00
4.300000e+00	1.938460e+00
4.305000e+00	1.886321e+00
4.310000e+00	1.837641e+00
4.315000e+00	1.792307e+00
4.320000e+00	1.750194e+00
4.325000e+00	1.711175e+00
4.330000e+00	1.675121e+00
4.335000e+00	1.641901e+00
4.340000e+00	1.611384e+00
4.345000e+00	1.583443e+00
4.350000e+00	1.557952e+00
4.355000e+00	1.534791e+00
4.360000e+00	1.513844e+00
4.365000e+00	1.495000e+00
4.370000e+00	1.478152e+00
4.375000e+00	1.463203e+00
4.380000e+00	1.450057e+00
4.385000e+00	1.438629e+00
4.390000e+00	1.428836e+00
4.395000e+00	1.420605e+00
4.400000e+00	1.413864e+00
4.405000e+00	1.408553e+00
4.410000e+00	1.404612e+00
4.415000e+00	1.401989e+00
4.420000e+00	1.400638e+00
4.425000e+00	1.400517e+00
4.430000e+00	1.401588e+00
4.435000e+00	1.403818e+00
4.440000e+00	1.407177e+00
4.445000e+00	1.411642e+00
4.450000e+00	1.417189e+00
4.455000e+00	1.423800e+00
4.460000e+00	1.431459e+00
4.465000e+00	1.440152e+00
4.470000e+00	1.449869e+00
4.475000e+00	1.460598e+00
4.480000e+00	1.472334e+00
4.485000e+00	1.485067e+00
4.490000e+00	1.498792e+00
4.495000e+00	1.513503e+00
4.500000e+00	1.529193e+00
4.505000e+00	1.545858e+00
4.510000e+00	1.563488e+00
4.515000e+00	1.582077e+00
4.520000e+00	1.601615e+00
4.525000e+00	1.622091e+00
4.530000e+00	1.643490e+00
4.535000e+00	1.665796e+00
4.540000e+00	1.688991e+00
4.545000e+00	1.713053e+00
4.550000e+00	1.737954e+00
4.555000e+00	1.763665e+00
4.560000e+00	1.790152e+00
4.565000e+00	1.817377e+00
4.570000e+00	1.845296e+00
4.575000e+00	1.873862e+00
4.580000e+00	1.903021e+00
4.585000e+00	1.932717e+00
4.590000e+00	1.962885e+00
4.595000e+00	1.993459e+00
4.600000e+00	2.024366e+00
4.605000e+00	2.055527e+00
4.610000e+00	2.086863e+00
4.615000e+00	2.118285e+00
4.620000e+00	2.149705e+00
4.625000e+00	2.181030e+00
4.630000e+00	2.212161e+00
4.635000e+00	2.243001e+00
4.640000e+00	2.273448e+00
4.645000e+00	2.303401e+00
4.650000e+00	2.332755e+00
4.655000e+00	2.361407e+00
4.660000e+00	2.389255e+00
4.665000e+00	2.416196e+00
4.670000e+00	2.442130e+00
4.675000e+00	2.466959e+00
4.680000e+00	2.490590e+00
4.685000e+00	2.512930e+00
4.690000e+00	2.533892e+00
4.695000e+00	2.553395e+00
4.700000e+00	2.571361e+00
4.705000e+00	2.587718e+00
4.710000e+00	2.602400e+00
4.715000e+00	2.615347e+00
4.720000e+00	2.626506e+00
4.725000e+00	2.635830e+00
4.730000e+00	2.643277e+00
4.735000e+00	2.648814e+00
4.740000e+00	2.652412e+00
4.745000e+00	2.654051e+00
4.750000e+00	2.653716e+00
4.755000e+00	2.651397e+00
4.760000e+00	2.647091e+00
4.765000e+00	2.640801e+00
4.770000e+00	2.632534e+00
4.775000e+00	2.622305e+00
4.780000e+00	2.610130e+00
4.785000e+00	2.596034e+00
4.790000e+00	2.580044e+00
4.795000e+00	2.562194e+00
4.800000e+00	2.542519e+00	2.542519e+00
4.805000e+00	2.521063e+00
4.810000e+00	2.497872e+00
4.815000e+00	2.472997e+00
4.820000e+00	2.446495e+00
4.825000e+00	2.418425e+00
4.830000e+00	2.388855e+00
4.835000e+00	2.357856e+00
4.840000e+00	2.325503e+00
4.845000e+00	2.291880e+00
4.850000e+00	2.257072e+00
4.855000e+00	2.221173e+00
4.860000e+00	2.184279e+00
4.865000e+00	2.146493e+00
4.870000e+00	2.107923e+00
4.875000e+00	2.068679e+00
4.880000e+00	2.028876e+00
4.885000e+00	1.988633e+00
4.890000e+00	1.948069e+00
4.895000e+00	1.907308e+00
4.900000e+00	1.866472e+00
4.905000e+00	1.825686e+00
4.910000e+00	1.785072e+00
4.915000e+00	1.744751e+00
4.920000e+00	1.704843e+00
4.925000e+00	1.665465e+00
4.930000e+00	1.626729e+00
4.935000e+00	1.588746e+00
4.940000e+00	1.551620e+00
4.945000e+00	1.515453e+00
4.950000e+00	1.480339e+00
4.955000e+00	1.446371e+00
4.960000e+00	1.413635e+00
4.965000e+00	1.382215e+00
4.970000e+00	1.352190e+00
4.975000e+00	1.323636e+00
4.980000e+00	1.296627e+00
4.985000e+00	1.271235e+00
4.990000e+00	1.247530e+00
4.995000e+00	1.225583e+00
5.000000e+00	1.205464e+00
5.005000e+00	1.187245e+00
5.010000e+00	1.171001e+00
5.015000e+00	1.156807e+00
5.020000e+00	1.144743e+00
5.025000e+00	1.134891e+00
5.030000e+00	1.127338e+00
5.035000e+00	1.122175e+00
5.040000e+00	1.119496e+00
5.045000e+00	1.119400e+00
5.050000e+00	1.121986e+00
5.055000e+00	1.127360e+00
5.060000e+00	1.135627e+00
5.065000e+00	1.146892e+00
5.070000e+00	1.161261e+00
5.075000e+00	1.178836e+00
5.080000e+00	1.199716e+00
5.085000e+00	1.223992e+00
5.090000e+00	1.251748e+00
5.095000e+00	1.283054e+00
5.100000e+00	1.317971e+00
5.105000e+00	1.356539e+00
5.110000e+00	1.398783e+00
5.115000e+00	1.444704e+00
5.120000e+00	1.494280e+00
5.125000e+00	1.547463e+00
5.130000e+00	1.604178e+00
5.135000e+00	1.664319e+00
5.140000e+00	1.727747e+00
5.145000e+00	1.794292e+00
5.150000e+00	1.863752e+00
5.155000e+00	1.935890e+00
5.160000e+00	2.010438e+00
5.165000e+00	2.087093e+00
5.170000e+00	2.165524e+00
5.175000e+00	2.245371e+00
5.180000e+00	2.326247e+00
5.185000e+00	2.407743e+00
5.190000e+00	2.489430e+00
5.195000e+00	2.570861e+00
5.200000e+00	2.651579e+00
5.205000e+00	2.731119e+00
5.210000e+00	2.809014e+00
5.215000e+00	2.884797e+00
5.220000e+00	2.958011e+00
5.225000e+00	3.028209e+00
5.230000e+00	3.094963e+00
5.235000e+00	3.157866e+00
5.240000e+00	3.216538e+00
5.245000e+00	3.270633e+00
5.250000e+00	3.319839e+00
5.255000e+00	3.363885e+00
5.260000e+00	3.402542e+00
5.265000e+00	3.435629e+00
5.270000e+00	3.463011e+00
5.275000e+00	3.484606e+00
5.280000e+00	3.500378e+00
5.285000e+00	3.510344e+00
5.290000e+00	3.514569e+00
5.295000e+00	3.513166e+00
5.300000e+00	3.506293e+00
5.305000e+00	3.494148e+00
5.310000e+00	3.476968e+00
5.315000e+00	3.455025e+00
5.320000e+00	3.428615e+00
5.325000e+00	3.398061e+00
5.330000e+00	3.363703e+00
5.335000e+00	3.325891e+00
5.340000e+00	3.284986e+00
5.345000e+00	3.241346e+00
5.350000e+00	3.195328e+00
5.355000e+00	3.147280e+00
5.360000e+00	3.097536e+00
5.365000e+00	3.046414e+00
5.370000e+00	2.994212e+00
5.375000e+00	2.941205e+00
5.380000e+00	2.887642e+00
5.385000e+00	2.833743e+00
5.390000e+00	2.779703e+00
5.395000e+00	2.725686e+00
5.400000e+00	2.671825e+00
5.405000e+00	2.618227e+00
5.410000e+00	2.564970e+00
5.415000e+00	2.512105e+00
5.420000e+00	2.459657e+00
5.425000e+00	2.407630e+00
5.430000e+00	2.356008e+00
5.435000e+00	2.304755e+00
5.440000e+00	2.253823e+00
5.445000e+00	2.203153e+00
5.450000e+00	2.152678e+00
5.455000e+00	2.102325e+00
5.460000e+00	2.052025e+00
5.465000e+00	2.001707e+00
5.470000e+00	1.951313e+00
5.475000e+00	1.900788e+00
5.480000e+00	1.850095e+00
5.485000e+00	1.799210e+00
5.490000e+00	1.748128e+00
5.495000e+00	1.696859e+00
5.500000e+00	1.645438e+00
5.505000e+00	1.593916e+00
5.510000e+00	1.542365e+00
5.515000e+00	1.490876e+00
5.520000e+00	1.439555e+00
5.525000e+00	1.388525e+00
5.530000e+00	1.337917e+00
5.535000e+00	1.287873e+00
5.540000e+00	1.238539e+00
5.545000e+00	1.190060e+00
5.550000e+00	1.142581e+00
5.555000e+00	1.096239e+00
5.560000e+00	1.051162e+00
5.565000e+00	1.007465e+00
5.570000e+00	9.652470e-01
5.575000e+00	9.245923e-01
5.580000e+00	8.855654e-01
5.585000e+00	8.482126e-01
5.590000e+00	8.125608e-01
5.595000e+00	7.786190e-01
5.600000e+00	7.463784e-01	7.463784e-01
5.605000e+00	7.158147e-01
5.610000e+00	6.868896e-01
5.615000e+00	6.595528e-01
5.620000e+00	6.337449e-01
5.625000e+00	6.093996e-01
5.630000e+00	5.864467e-01
5.635000e+00	5.648143e-01
5.640000e+00	5.444321e-01
5.645000e+00	5.252337e-01
5.650000e+00	5.071593e-01
5.655000e+00	4.901581e-01
5.660000e+00	4.741909e-01
5.665000e+00	4.592320e-01
5.670000e+00	4.452716e-01
5.675000e+00	4.323176e-01
5.680000e+00	4.203974e-01
5.685000e+00	4.095592e-01
5.690000e+00	3.998734e-01
5.695000e+00	3.914338e-01
5.700000e+00	3.843580e-01
5.705000e+00	3.787880e-01
5.710000e+00	3.748902e-01
5.715000e+00	3.728553e-01
5.720000e+00	3.728972e-01
5.725000e+00	3.752517e-01
5.730000e+00	3.801752e-01
5.735000e+00	3.879418e-01
5.740000e+00	3.988403e-01
5.745000e+00	4.131703e-01
5.750000e+00	4.312384e-01
5.755000e+00	4.533526e-01
5.760000e+00	4.798171e-01
5.765000e+00	5.109272e-01
5.770000e+00	5.469633e-01
5.775000e+00	5.881859e-01
5.780000e+00	6.348306e-01
5.785000e+00	6.871037e-01
5.790000e+00	7.451783e-01
5.795000e+00	8.091918e-01
5.800000e+00	8.792440e-01
5.805000e+00	9.553954e-01
5.810000e+00	1.037668e+00
5.815000e+00	1.126047e+00
5.820000e+00	1.220480e+00
5.825000e+00	1.320884e+00
5.830000e+00	1.427148e+00
5.835000e+00	1.539135e+00
5.840000e+00	1.656691e+00
5.845000e+00	1.779644e+00
5.850000e+00	1.907813e+00
5.855000e+00	2.041007e+00
5.860000e+00	2.179031e+00
5.865000e+00	2.321678e+00
5.870000e+00	2.468734e+00
5.875000e+00	2.619965e+00
5.880000e+00	2.775114e+00
5.885000e+00	2.933889e+00
5.890000e+00	3.095944e+00
5.895000e+00	3.260872e+00
5.900000e+00	3.428179e+00
5.905000e+00	3.597272e+00
5.910000e+00	3.767441e+00
5.915000e+00	3.937843e+00
5.920000e+00	4.107489e+00
5.925000e+00	4.275241e+00
5.930000e+00	4.439809e+00
5.935000e+00	4.599757e+00
5.940000e+00	4.753522e+00
5.945000e+00	4.899433e+00
5.950000e+00	5.035747e+00
5.955000e+00	5.160692e+00
5.960000e+00	5.272509e+00
5.965000e+00	5.369508e+00
5.970000e+00	5.450124e+00
5.975000e+00	5.512969e+00
5.980000e+00	5.556883e+00
5.985000e+00	5.580980e+00
5.990000e+00	5.584685e+00
5.995000e+00	5.567753e+00
6.000000e+00	5.530284e+00
6.005000e+00	5.472722e+00
6.010000e+00	5.395838e+00
6.015000e+00	5.300704e+00
6.020000e+00	5.188657e+00
6.025000e+00	5.061254e+00
6.030000e+00	4.920225e+00
6.035000e+00	4.767419e+00
6.040000e+00	4.604752e+00
6.045000e+00	4.434164e+00
6.050000e+00	4.257567e+00
6.055000e+00	4.076812e+00
6.060000e+00	3.893654e+00
6.065000e+00	3.709728e+00
6.070000e+00	3.526528e+00
6.075000e+00	3.345397e+00
6.080000e+00	3.167517e+00
6.085000e+00	2.993913e+00
6.090000e+00	2.825449e+00
6.095000e+00	2.662835e+00
6.100000e+00	2.506641e+00
6.105000e+00	2.357298e+00
6.110000e+00	2.215118e+00
6.115000e+00	2.080300e+00
6.120000e+00	1.952947e+00
6.125000e+00	1.833072e+00
6.130000e+00	1.720617e+00
6.135000e+00	1.615462e+00
6.140000e+00	1.517431e+00
6.145000e+00	1.426309e+00
6.150000e+00	1.341846e+00
6.155000e+00	1.263769e+00
6.160000e+00	1.191783e+00
6.165000e+00	1.125586e+00
6.170000e+00	1.064867e+00
6.175000e+00	1.009315e+00
6.180000e+00	9.586202e-01
6.185000e+00	9.124799e-01
6.190000e+00	8.705999e-01
6.195000e+00	8.326962e-01
6.200000e+00	7.984975e-01
6.205000e+00	7.677456e-01
6.210000e+00	7.401967e-01
6.215000e+00	7.156215e-01
6.220000e+00	6.938055e-01
6.225000e+00	6.745490e-01
6.230000e+00	6.576667e-01
6.235000e+00	6.429870e-01
6.240000e+00	6.303523e-01
6.245000e+00	6.196173e-01
6.250000e+00	6.106491e-01
6.255000e+00	6.033261e-01
6.260000e+00	5.975373e-01
6.265000e+00	5.931817e-01
6.270000e+00	5.901672e-01
6.275000e+00	5.884101e-01
6.280000e+00	5.878343e-01
6.285000e+00	5.883706e-01
6.290000e+00	5.899561e-01
6.295000e+00	5.925337e-01
6.300000e+00	5.960513e-01
6.305000e+00	6.004615e-01
6.310000e+00	6.057211e-01
6.315000e+00	6.117909e-01
6.320000e+00	6.186349e-01
6.325000e+00	6.262208e-01
6.330000e+00	6.345192e-01
6.335000e+00	6.435037e-01
6.340000e+00	6.531510e-01
6.345000e+00	6.634406e-01
6.350000e+00	6.743552e-01
6.355000e+00	6.858807e-01
6.360000e+00	6.980066e-01
6.365000e+00	7.107260e-01
6.370000e+00	7.240360e-01
6.375000e+00	7.379385e-01
6.380000e+00	7.524400e-01
6.385000e+00	7.675526e-01
6.390000e+00	7.832943e-01
6.395000e+00	7.996896e-01
6.400000e+00	8.167702e-01	8.167702e-01
6.405000e+00	8.345754e-01
6.410000e+00	8.531528e-01
6.415000e+00	8.725589e-01
6.420000e+00	8.928597e-01
6.425000e+00	9.141315e-01
6.430000e+00	9.364610e-01
6.435000e+00	9.599459e-01
6.440000e+00	9.846956e-01
6.445000e+00	1.010831e+00
6.450000e+00	1.038487e+00
6.455000e+00	1.067807e+00
6.460000e+00	1.098952e+00
6.465000e+00	1.132090e+00
6.470000e+00	1.167405e+00
6.475000e+00	1.205092e+00
6.480000e+00	1.245355e+00
6.485000e+00	1.288411e+00
6.490000e+00	1.334486e+00
6.495000e+00	1.383812e+00
6.500000e+00	1.436630e+00
6.505000e+00	1.493183e+00
6.510000e+00	1.553717e+00
6.515000e+00	1.618477e+00
6.520000e+00	1.687704e+00
6.525000e+00	1.761632e+00
6.530000e+00	1.840479e+00
6.535000e+00	1.924447e+00
6.540000e+00	2.013715e+00
6.545000e+00	2.108431e+00
6.550000e+00	2.208705e+00
6.555000e+00	2.314601e+00
6.560000e+00	2.426126e+00
6.565000e+00	2.543227e+00
6.570000e+00	2.665771e+00
6.575000e+00	2.793544e+00
6.580000e+00	2.926233e+00
6.585000e+00	3.063421e+00
6.590000e+00	3.204575e+00
6.595000e+00	3.349035e+00
6.600000e+00	3.496016e+00
6.605000e+00	3.644593e+00
6.610000e+00	3.793710e+00
6.615000e+00	3.942178e+00
6.620000e+00	4.088684e+00
6.625000e+00	4.231804e+00
6.630000e+00	4.370022e+00
6.635000e+00	4.501753e+00
6.640000e+00	4.625374e+00
6.645000e+00	4.739256e+00
6.650000e+00	4.841803e+00
6.655000e+00	4.931493e+00
6.660000e+00	5.006918e+00
6.665000e+00	5.066827e+00
6.670000e+00	5.110162e+00
6.675000e+00	5.136093e+00
6.680000e+00	5.144047e+00
6.685000e+00	5.133723e+00
6.690000e+00	5.105107e+00
6.695000e+00	5.058473e+00
6.700000e+00	4.994373e+00
6.705000e+00	4.913624e+00
6.710000e+00	4.817278e+00
6.715000e+00	4.706595e+00
6.720000e+00	4.583007e+00
6.725000e+00	4.448074e+00
6.730000e+00	4.303445e+00
6.735000e+00	4.150818e+00
6.740000e+00	3.991899e+00
6.745000e+00	3.828365e+00
6.750000e+00	3.661835e+00
6.755000e+00	3.493838e+00
6.760000e+00	3.325793e+00
6.765000e+00	3.158990e+00
6.770000e+00	2.994581e+00
6.775000e+00	2.833572e+00
6.780000e+00	2.676820e+00
6.785000e+00	2.525035e+00
6.790000e+00	2.378787e+00
6.795000e+00	2.238511e+00
6.800000e+00	2.104520e+00
6.805000e+00	1.977015e+00
6.810000e+00	1.856097e+00
6.815000e+00	1.741781e+00
6.820000e+00	1.634008e+00
6.825000e+00	1.532655e+00
6.830000e+00	1.437552e+00
6.835000e+00	1.348488e+00
6.840000e+00	1.265222e+00
6.845000e+00	1.187490e+00
6.850000e+00	1.115017e+00
6.855000e+00	1.047519e+00
6.860000e+00	9.847095e-01
6.865000e+00	9.263044e-01
6.870000e+00	8.720258e-01
6.875000e+00	8.216042e-01
6.880000e+00	7.747810e-01
6.885000e+00	7.313098e-01
6.890000e+00	6.909577e-01
6.895000e+00	6.535058e-01
6.900000e+00	6.187496e-01
6.905000e+00	5.864994e-01
6.910000e+00	5.565794e-01
6.915000e+00	5.288284e-01
6.920000e+00	5.030987e-01
6.925000e+00	4.792559e-01
6.930000e+00	4.571784e-01
6.935000e+00	4.367568e-01
6.940000e+00	4.178934e-01
6.945000e+00	4.005017e-01
6.950000e+00	3.845058e-01
6.955000e+00	3.698398e-01
6.960000e+00	3.564478e-01
6.965000e+00	3.442829e-01
6.970000e+00	3.333072e-01
6.975000e+00	3.234913e-01
6.980000e+00	3.148143e-01
6.985000e+00	3.072631e-01
6.990000e+00	3.008324e-01
6.995000e+00	2.955247e-01
7.000000e+00	2.913500e-01
7.005000e+00	2.883258e-01
7.010000e+00	2.864770e-01
7.015000e+00	2.858359e-01
7.020000e+00	2.864424e-01
7.025000e+00	2.883438e-01
7.030000e+00	2.915951e-01
7.035000e+00	2.962593e-01
7.040000e+00	3.024069e-01
7.045000e+00	3.101171e-01
7.050000e+00	3.194773e-01
7.055000e+00	3.305834e-01
7.060000e+00	3.435407e-01
7.065000e+00	3.584636e-01
7.070000e+00	3.754767e-01
7.075000e+00	3.947144e-01
7.080000e+00	4.163222e-01
7.085000e+00	4.404570e-01
7.090000e+00	4.672873e-01
7.095000e+00	4.969943e-01
7.100000e+00	5.297727e-01
7.105000e+00	5.658306e-01
7.110000e+00	6.053912e-01
7.115000e+00	6.486926e-01
7.120000e+00	6.959894e-01
7.125000e+00	7.475526e-01
7.130000e+00	8.036704e-01
7.135000e+00	8.646488e-01
7.140000e+00	9.308117e-01
7.145000e+00	1.002501e+00
7.150000e+00	1.080075e+00
7.155000e+00	1.163909e+00
7.160000e+00	1.254393e+00
7.165000e+00	1.351929e+00
7.170000e+00	1.456925e+00
7.175000e+00	1.569793e+00
7.180000e+00	1.690940e+00
7.185000e+00	1.820758e+00
7.190000e+00	1.959614e+00
7.195000e+00	2.107835e+00
7.200000e+00	2.265691e+00	2.265691e+00
7.205000e+00	2.433375e+00
7.210000e+00	2.610981e+00
7.215000e+00	2.798476e+00
7.220000e+00	2.995672e+00
7.225000e+00	3.202202e+00
7.230000e+00	3.417484e+00
7.235000e+00	3.640693e+00
7.240000e+00	3.870741e+00
7.245000e+00	4.106249e+00
7.250000e+00	4.345538e+00
7.255000e+00	4.586625e+00
7.260000e+00	4.827231e+00
7.265000e+00	5.064808e+00
7.270000e+00	5.296572e+00
7.275000e+00	5.519565e+00
7.280000e+00	5.730719e+00
7.285000e+00	5.926947e+00
7.290000e+00	6.105230e+00
7.295000e+00	6.262719e+00
7.300000e+00	6.396829e+00
7.305000e+00	6.505327e+00
7.310000e+00	6.586405e+00
7.315000e+00	6.638733e+00
7.320000e+00	6.661491e+00
7.325000e+00	6.654370e+00
7.330000e+00	6.617555e+00
7.335000e+00	6.551684e+00
7.340000e+00	6.457793e+00
7.345000e+00	6.337255e+00
7.350000e+00	6.191718e+00
7.355000e+00	6.023045e+00
7.360000e+00	5.833277e+00
7.365000e+00	5.624594e+00
7.370000e+00	5.399302e+00
7.375000e+00	5.159823e+00
7.380000e+00	4.908696e+00
7.385000e+00	4.648567e+00
7.390000e+00	4.382181e+00
7.395000e+00	4.112359e+00
7.400000e+00	3.841953e+00
7.405000e+00	3.573797e+00
7.410000e+00	3.310639e+00
7.415000e+00	3.055061e+00
7.420000e+00	2.809411e+00
7.425000e+00	2.575732e+00
7.430000e+00	2.355705e+00
7.435000e+00	2.150613e+00
7.440000e+00	1.961325e+00
7.445000e+00	1.788298e+00
7.450000e+00	1.631603e+00
7.455000e+00	1.490967e+00
7.460000e+00	1.365818e+00
7.465000e+00	1.255350e+00
7.470000e+00	1.158583e+00
7.475000e+00	1.074418e+00
7.480000e+00	1.001693e+00
7.485000e+00	9.392310e-01
7.490000e+00	8.858767e-01
7.495000e+00	8.405253e-01
7.500000e+00	8.021450e-01
7.505000e+00	7.697901e-01
7.510000e+00	7.426084e-01
7.515000e+00	7.198434e-01
7.520000e+00	7.008319e-01
7.525000e+00	6.849989e-01
7.530000e+00	6.718511e-01
7.535000e+00	6.609685e-01
7.540000e+00	6.519957e-01
7.545000e+00	6.446339e-01
7.550000e+00	6.386327e-01
7.555000e+00	6.337828e-01
7.560000e+00	6.299093e-01
7.565000e+00	6.268666e-01
7.570000e+00	6.245330e-01
7.575000e+00	6.228068e-01
7.580000e+00	6.216031e-01
7.585000e+00	6.208510e-01
7.590000e+00	6.204912e-01
7.595000e+00	6.204743e-01
7.600000e+00	6.207594e-01
7.605000e+00	6.213129e-01
7.610000e+00	6.221078e-01
7.615000e+00	6.231225e-01
7.620000e+00	6.243404e-01
7.625000e+00	6.257496e-01
7.630000e+00	6.273424e-01
7.635000e+00	6.291144e-01
7.640000e+00	6.310652e-01
7.645000e+00	6.331971e-01
7.650000e+00	6.355155e-01
7.655000e+00	6.380286e-01
7.660000e+00	6.407470e-01
7.665000e+00	6.436836e-01
7.670000e+00	6.468537e-01
7.675000e+00	6.502747e-01
7.680000e+00	6.539659e-01
7.685000e+00	6.579487e-01
7.690000e+00	6.622464e-01
7.695000e+00	6.668844e-01
7.700000e+00	6.718899e-01
7.705000e+00	6.772922e-01
7.710000e+00	6.831226e-01
7.715000e+00	6.894149e-01
7.720000e+00	6.962049e-01
7.725000e+00	7.035312e-01
7.730000e+00	7.114349e-01
7.735000e+00	7.199601e-01
7.740000e+00	7.291543e-01
7.745000e+00	7.390681e-01
7.750000e+00	7.497560e-01
7.755000e+00	7.612769e-01
7.760000e+00	7.736936e-01
7.765000e+00	7.870743e-01
7.770000e+00	8.014921e-01
7.775000e+00	8.170258e-01
7.780000e+00	8.337604e-01
7.785000e+00	8.517875e-01
7.790000e+00	8.712055e-01
7.795000e+00	8.921203e-01
7.800000e+00	9.146458e-01
7.805000e+00	9.389041e-01
7.810000e+00	9.650257e-01
7.815000e+00	9.931505e-01
7.820000e+00	1.023427e+00
7.825000e+00	1.056014e+00
7.830000e+00	1.091079e+00
7.835000e+00	1.128798e+00
7.840000e+00	1.169358e+00
7.845000e+00	1.212953e+00
7.850000e+00	1.259784e+00
7.855000e+00	1.310061e+00
7.860000e+00	1.363996e+00
7.865000e+00	1.421808e+00
7.870000e+00	1.483713e+00
7.875000e+00	1.549929e+00
7.880000e+00	1.620665e+00
7.885000e+00	1.696123e+00
7.890000e+00	1.776490e+00
7.895000e+00	1.861933e+00
7.900000e+00	1.952592e+00
7.905000e+00	2.048575e+00
7.910000e+00	2.149946e+00
7.915000e+00	2.256720e+00
7.920000e+00	2.368852e+00
7.925000e+00	2.486225e+00
7.930000e+00	2.608642e+00
7.935000e+00	2.735814e+00
7.940000e+00	2.867350e+00
7.945000e+00	3.002745e+00
7.950000e+00	3.141376e+00
7.955000e+00	3.282490e+00
7.960000e+00	3.425201e+00
7.965000e+00	3.568489e+00
7.970000e+00	3.711203e+00
7.975000e+00	3.852063e+00
7.980000e+00	3.989679e+00
7.985000e+00	4.122561e+00
7.990000e+00	4.249143e+00
7.995000e+00	4.367816e+00
8.000000e+00	4.476955e+00	4.476955e+00
8.005000e+00	4.574962e+00
8.010000e+00	4.660305e+00
8.015000e+00	4.731562e+00
8.020000e+00	4.787469e+00
8.025000e+00	4.826956e+00
8.030000e+00	4.849196e+00
8.035000e+00	4.853629e+00
8.040000e+00	4.840000e+00
8.045000e+00	4.808365e+00
8.050000e+00	4.759111e+00
8.055000e+00	4.692941e+00
8.060000e+00	4.610869e+00
8.065000e+00	4.514191e+00
8.070000e+00	4.404446e+00
8.075000e+00	4.283378e+00
8.080000e+00	4.152884e+00
8.085000e+00	4.014957e+00
8.090000e+00	3.871628e+00
8.095000e+00	3.724916e+00
8.100000e+00	3.576769e+00
8.105000e+00	3.429018e+00
8.110000e+00	3.283335e+00
8.115000e+00	3.141206e+00
8.120000e+00	3.003901e+00
8.125000e+00	2.872464e+00
8.130000e+00	2.747712e+00
8.135000e+00	2.630233e+00
8.140000e+00	2.520405e+00
8.145000e+00	2.418409e+00
8.150000e+00	2.324253e+00
8.155000e+00	2.237799e+00
8.160000e+00	2.158785e+00
8.165000e+00	2.086857e+00
8.170000e+00	2.021589e+00
8.175000e+00	1.962512e+00
8.180000e+00	1.909125e+00
8.185000e+00	1.860924e+00
8.190000e+00	1.817406e+00
8.195000e+00	1.778086e+00
8.200000e+00	1.742502e+00
8.205000e+00	1.710223e+00
8.210000e+00	1.680850e+00
8.215000e+00	1.654020e+00
8.220000e+00	1.629405e+00
8.225000e+00	1.606710e+00
8.230000e+00	1.585674e+00
8.235000e+00	1.566067e+00
8.240000e+00	1.547687e+00
8.245000e+00	1.530360e+00
8.250000e+00	1.513935e+00
8.255000e+00	1.498282e+00
8.260000e+00	1.483293e+00
8.265000e+00	1.468878e+00
8.270000e+00	1.454962e+00
8.275000e+00	1.441486e+00
8.280000e+00	1.428403e+00
8.285000e+00	1.415678e+00
8.290000e+00	1.403287e+00
8.295000e+00	1.391215e+00
8.300000e+00	1.379456e+00
8.305000e+00	1.368010e+00
8.310000e+00	1.356883e+00
8.315000e+00	1.346087e+00
8.320000e+00	1.335638e+00
8.325000e+00	1.325557e+00
8.330000e+00	1.315866e+00
8.335000e+00	1.306591e+00
8.340000e+00	1.297758e+00
8.345000e+00	1.289397e+00
8.350000e+00	1.281538e+00
8.355000e+00	1.274209e+00
8.360000e+00	1.267444e+00
8.365000e+00	1.261271e+00
8.370000e+00	1.255723e+00
8.375000e+00	1.250831e+00
8.380000e+00	1.246624e+00
8.385000e+00	1.243133e+00
8.390000e+00	1.240388e+00
8.395000e+00	1.238420e+00
8.400000e+00	1.237257e+00
8.405000e+00	1.236929e+00
8.410000e+00	1.237466e+00
8.415000e+00	1.238895e+00
8.420000e+00	1.241247e+00
8.425000e+00	1.244551e+00
8.430000e+00	1.248835e+00
8.435000e+00	1.254129e+00
8.440000e+00	1.260464e+00
8.445000e+00	1.267869e+00
8.450000e+00	1.276374e+00
8.455000e+00	1.286012e+00
8.460000e+00	1.296813e+00
8.465000e+00	1.308811e+00
8.470000e+00	1.322037e+00
8.475000e+00	1.336527e+00
8.480000e+00	1.352314e+00
8.485000e+00	1.369433e+00
8.490000e+00	1.387921e+00
8.495000e+00	1.407814e+00
8.500000e+00	1.429150e+00
8.505000e+00	1.451966e+00
8.510000e+00	1.476301e+00
8.515000e+00	1.502195e+00
8.520000e+00	1.529686e+00
8.525000e+00	1.558815e+00
8.530000e+00	1.589622e+00
8.535000e+00	1.622146e+00
8.540000e+00	1.656427e+00
8.545000e+00	1.692506e+00
8.550000e+00	1.730419e+00
8.555000e+00	1.770206e+00
8.560000e+00	1.811901e+00
8.565000e+00	1.855538e+00
8.570000e+00	1.901150e+00
8.575000e+00	1.948765e+00
8.580000e+00	1.998407e+00
8.585000e+00	2.050096e+00
8.590000e+00	2.103845e+00
8.595000e+00	2.159662e+00
8.600000e+00	2.217544e+00
8.605000e+00	2.277480e+00
8.610000e+00	2.339445e+00
8.615000e+00	2.403399e+00
8.620000e+00	2.469287e+00
8.625000e+00	2.537032e+00
8.630000e+00	2.606533e+00
8.635000e+00	2.677663e+00
8.640000e+00	2.750262e+00
8.645000e+00	2.824134e+00
8.650000e+00	2.899042e+00
8.655000e+00	2.974703e+00
8.660000e+00	3.050784e+00
8.665000e+00	3.126894e+00
8.670000e+00	3.202585e+00
8.675000e+00	3.277344e+00
8.680000e+00	3.350594e+00
8.685000e+00	3.421692e+00
8.690000e+00	3.489934e+00
8.695000e+00	3.554555e+00
8.700000e+00	3.614743e+00
8.705000e+00	3.669645e+00
8.710000e+00	3.718386e+00
8.715000e+00	3.760089e+00
8.720000e+00	3.793895e+00
8.725000e+00	3.818988e+00
8.730000e+00	3.834629e+00
8.735000e+00	3.840178e+00
8.740000e+00	3.835125e+00
8.745000e+00	3.819116e+00
8.750000e+00	3.791974e+00
8.755000e+00	3.753714e+00
8.760000e+00	3.704551e+00
8.765000e+00	3.644903e+00
8.770000e+00	3.575378e+00
8.775000e+00	3.496761e+00
8.780000e+00	3.409991e+00
8.785000e+00	3.316125e+00
8.790000e+00	3.216311e+00
8.795000e+00	3.111749e+00
8.800000e+00	3.003654e+00	3.003654e+00
8.805000e+00	2.893228e+00
8.810000e+00	2.781624e+00
8.815000e+00	2.669930e+00
8.820000e+00	2.559143e+00
8.825000e+00	2.450160e+00
8.830000e+00	2.343773e+00
8.835000e+00	2.240659e+00
8.840000e+00	2.141393e+00
8.845000e+00	2.046439e+00
8.850000e+00	1.956170e+00
8.855000e+00	1.870866e+00
8.860000e+00	1.790726e+00
8.865000e+00	1.715878e+00
8.870000e+00	1.646384e+00
8.875000e+00	1.582248e+00
8.880000e+00	1.523428e+00
8.885000e+00	1.469833e+00
8.890000e+00	1.421338e+00
8.895000e+00	1.377783e+00
8.900000e+00	1.338981e+00
8.905000e+00	1.304724e+00
8.910000e+00	1.274783e+00
8.915000e+00	1.248917e+00
8.920000e+00	1.226876e+00
8.925000e+00	1.208404e+00
8.930000e+00	1.193246e+00
8.935000e+00	1.181147e+00
8.940000e+00	1.171859e+00
8.945000e+00	1.165143e+00
8.950000e+00	1.160770e+00
8.955000e+00	1.158523e+00
8.960000e+00	1.158201e+00
8.965000e+00	1.159614e+00
8.970000e+00	1.162592e+00
8.975000e+00	1.166975e+00
8.980000e+00	1.172621e+00
8.985000e+00	1.179403e+00
8.990000e+00	1.187204e+00
8.995000e+00	1.195922e+00
9.000000e+00	1.205468e+00
9.005000e+00	1.215761e+00
9.010000e+00	1.226732e+00
9.015000e+00	1.238320e+00
9.020000e+00	1.250473e+00
9.025000e+00	1.263144e+00
9.030000e+00	1.276295e+00
9.035000e+00	1.289891e+00
9.040000e+00	1.303905e+00
9.045000e+00	1.318311e+00
9.050000e+00	1.333091e+00
9.055000e+00	1.348227e+00
9.060000e+00	1.363705e+00
9.065000e+00	1.379516e+00
9.070000e+00	1.395652e+00
9.075000e+00	1.412106e+00
9.080000e+00	1.428877e+00
9.085000e+00	1.445962e+00
9.090000e+00	1.463362e+00
9.095000e+00	1.481080e+00
9.100000e+00	1.499120e+00
9.105000e+00	1.517487e+00
9.110000e+00	1.536188e+00
9.115000e+00	1.555230e+00
9.120000e+00	1.574622e+00
9.125000e+00	1.594373e+00
9.130000e+00	1.614491e+00
9.135000e+00	1.634987e+00
9.140000e+00	1.655870e+00
9.145000e+00	1.677148e+00
9.150000e+00	1.698829e+00
9.155000e+00	1.720920e+00
9.160000e+00	1.743426e+00
9.165000e+00	1.766351e+00
9.170000e+00	1.789698e+00
9.175000e+00	1.813465e+00
9.180000e+00	1.837651e+00
9.185000e+00	1.862251e+00
9.190000e+00	1.887256e+00
9.195000e+00	1.912656e+00
9.200000e+00	1.938437e+00
9.205000e+00	1.964582e+00
9.210000e+00	1.991071e+00
9.215000e+00	2.017881e+00
9.220000e+00	2.044986e+00
9.225000e+00	2.072356e+00
9.230000e+00	2.099961e+00
9.235000e+00	2.127765e+00
9.240000e+00	2.155732e+00
9.245000e+00	2.183825e+00
9.250000e+00	2.212004e+00
9.255000e+00	2.240228e+00
9.260000e+00	2.268458e+00
9.265000e+00	2.296654e+00
9.270000e+00	2.324777e+00
9.275000e+00	2.352790e+00
9.280000e+00	2.380661e+00
9.285000e+00	2.408359e+00
9.290000e+00	2.435859e+00
9.295000e+00	2.463141e+00
9.300000e+00	2.490191e+00
9.305000e+00	2.517002e+00
9.310000e+00	2.543575e+00
9.315000e+00	2.569918e+00
9.320000e+00	2.596050e+00
9.325000e+00	2.621995e+00
9.330000e+00	2.647788e+00
9.335000e+00	2.673471e+00
9.340000e+00	2.699094e+00
9.345000e+00	2.724711e+00
9.350000e+00	2.750382e+00
9.355000e+00	2.776169e+00
9.360000e+00	2.802134e+00
9.365000e+00	2.828335e+00
9.370000e+00	2.854824e+00
9.375000e+00	2.881642e+00
9.380000e+00	2.908815e+00
9.385000e+00	2.936349e+00
9.390000e+00	2.964226e+00
9.395000e+00	2.992402e+00
9.400000e+00	3.020794e+00
9.405000e+00	3.049286e+00
9.410000e+00	3.077719e+00
9.415000e+00	3.105891e+00
9.420000e+00	3.133553e+00
9.425000e+00	3.160414e+00
9.430000e+00	3.186136e+00
9.435000e+00	3.210343e+00
9.440000e+00	3.232623e+00
9.445000e+00	3.252538e+00
9.450000e+00	3.269629e+00
9.455000e+00	3.283433e+00
9.460000e+00	3.293491e+00
9.465000e+00	3.299361e+00
9.470000e+00	3.300637e+00
9.475000e+00	3.296955e+00
9.480000e+00	3.288014e+00
9.485000e+00	3.273583e+00
9.490000e+00	3.253511e+00
9.495000e+00	3.227735e+00
9.500000e+00	3.196282e+00
9.505000e+00	3.159272e+00
9.510000e+00	3.116917e+00
9.515000e+00	3.069509e+00
9.520000e+00	3.017419e+00
9.525000e+00	2.961083e+00
9.530000e+00	2.900989e+00
9.535000e+00	2.837666e+00
9.540000e+00	2.771668e+00
9.545000e+00	2.703562e+00
9.550000e+00	2.633914e+00
9.555000e+00	2.563278e+00
9.560000e+00	2.492187e+00
9.565000e+00	2.421140e+00
9.570000e+00	2.350601e+00
9.575000e+00	2.280991e+00
9.580000e+00	2.212687e+00
9.585000e+00	2.146017e+00
9.590000e+00	2.081263e+00
9.595000e+00	2.018664e+00
9.600000e+00	1.958411e+00	1.958411e+00
9.605000e+00	1.900657e+00
9.610000e+00	1.845519e+00
9.615000e+00	1.793077e+00
9.620000e+00	1.743382e+00
9.625000e+00	1.696460e+00
9.630000e+00	1.652314e+00
9.635000e+00	1.610928e+00
9.640000e+00	1.572269e+00
9.645000e+00	1.536295e+00
9.650000e+00	1.502950e+00
9.655000e+00	1.472175e+00
9.660000e+00	1.443903e+00
9.665000e+00	1.418064e+00
9.670000e+00	1.394587e+00
9.675000e+00	1.373401e+00
9.680000e+00	1.354434e+00
9.685000e+00	1.337618e+00
9.690000e+00	1.322885e+00
9.695000e+00	1.310171e+00
9.700000e+00	1.299413e+00
9.705000e+00	1.290554e+00
9.710000e+00	1.283538e+00
9.715000e+00	1.278314e+00
9.720000e+00	1.274832e+00
9.725000e+00	1.273048e+00
9.730000e+00	1.272918e+00
9.735000e+00	1.274403e+00
9.740000e+00	1.277466e+00
9.745000e+00	1.282071e+00
9.750000e+00	1.288187e+00
9.755000e+00	1.295781e+00
9.760000e+00	1.304825e+00
9.765000e+00	1.315291e+00
9.770000e+00	1.327153e+00
9.775000e+00	1.340383e+00
9.780000e+00	1.354959e+00
9.785000e+00	1.370855e+00
9.790000e+00	1.388048e+00
9.795000e+00	1.406515e+00
9.800000e+00	1.426232e+00
9.805000e+00	1.447176e+00
9.810000e+00	1.469324e+00
9.815000e+00	1.492651e+00
9.820000e+00	1.517134e+00
9.825000e+00	1.542748e+00
9.830000e+00	1.569466e+00
9.835000e+00	1.597261e+00
9.840000e+00	1.626106e+00
9.845000e+00	1.655971e+00
9.850000e+00	1.686824e+00
9.855000e+00	1.718632e+00
9.860000e+00	1.751359e+00
9.865000e+00	1.784969e+00
9.870000e+00	1.819421e+00
9.875000e+00	1.854672e+00
9.880000e+00	1.890676e+00
9.885000e+00	1.927384e+00
9.890000e+00	1.964743e+00
9.895000e+00	2.002697e+00
9.900000e+00	2.041186e+00
9.905000e+00	2.080147e+00
9.910000e+00	2.119510e+00
9.915000e+00	2.159205e+00
9.920000e+00	2.199155e+00
9.925000e+00	2.239279e+00
9.930000e+00	2.279493e+00
9.935000e+00	2.319708e+00
9.940000e+00	2.359831e+00
9.945000e+00	2.399765e+00
9.950000e+00	2.439409e+00
9.955000e+00	2.478659e+00
9.960000e+00	2.517409e+00
9.965000e+00	2.555548e+00
9.970000e+00	2.592963e+00
9.975000e+00	2.629540e+00
9.980000e+00	2.665162e+00
9.985000e+00	2.699711e+00
9.990000e+00	2.733069e+00
9.995000e+00	2.765117e+00
