Sampling frequency [arb.units]	One ratio [arb.units]	(One ratio - 0.5)\u2\n
5.000000e-03	4.725000e-01	7.562500e-04
6.000000e-03	4.725000e-01	7.562500e-04
7.000000e-03	4.725000e-01	7.562500e-04
8.000000e-03	4.725000e-01	7.562500e-04
9.000000e-03	4.725000e-01	7.562500e-04
1.000000e-02	4.725000e-01	7.562500e-04
1.100000e-02	4.725000e-01	7.562500e-04
1.200000e-02	4.725000e-01	7.562500e-04
1.300000e-02	4.725000e-01	7.562500e-04
1.400000e-02	4.725000e-01	7.562500e-04
1.500000e-02	4.644195e-01	1.265974e-03
1.600000e-02	4.644195e-01	1.265974e-03
1.700000e-02	4.644195e-01	1.265974e-03
1.800000e-02	4.644195e-01	1.265974e-03
1.900000e-02	4.644195e-01	1.265974e-03
2.000000e-02	4.600000e-01	1.600000e-03
2.100000e-02	4.600000e-01	1.600000e-03
2.200000e-02	4.600000e-01	1.600000e-03
2.300000e-02	4.600000e-01	1.600000e-03
2.400000e-02	4.600000e-01	1.600000e-03
2.500000e-02	4.725000e-01	7.562500e-04
2.600000e-02	4.725000e-01	7.562500e-04
2.700000e-02	4.725000e-01	7.562500e-04
2.800000e-02	4.725000e-01	7.562500e-04
2.900000e-02	4.725000e-01	7.562500e-04
3.000000e-02	4.644195e-01	1.265974e-03
3.100000e-02	4.644195e-01	1.265974e-03
3.200000e-02	4.644195e-01	1.265974e-03
3.300000e-02	4.644195e-01	1.265974e-03
3.400000e-02	4.644195e-01	1.265974e-03
3.500000e-02	5.130435e-01	1.701323e-04
3.600000e-02	5.130435e-01	1.701323e-04
3.700000e-02	5.130435e-01	1.701323e-04
3.800000e-02	5.130435e-01	1.701323e-04
3.900000e-02	5.130435e-01	1.701323e-04
4.000000e-02	4.400000e-01	3.600000e-03
4.100000e-02	4.400000e-01	3.600000e-03
4.200000e-02	4.400000e-01	3.600000e-03
4.300000e-02	4.400000e-01	3.600000e-03
4.400000e-02	4.400000e-01	3.600000e-03
4.500000e-02	4.719101e-01	7.890418e-04
4.600000e-02	4.719101e-01	7.890418e-04
4.700000e-02	4.719101e-01	7.890418e-04
4.800000e-02	4.719101e-01	7.890418e-04
4.900000e-02	4.719101e-01	7.890418e-04
5.000000e-02	4.725000e-01	7.562500e-04
5.100000e-02	4.725000e-01	7.562500e-04
5.200000e-02	4.725000e-01	7.562500e-04
5.300000e-02	4.725000e-01	7.562500e-04
5.400000e-02	4.725000e-01	7.562500e-04
5.500000e-02	4.931507e-01	4.691312e-05
5.600000e-02	4.931507e-01	4.691312e-05
5.700000e-02	4.931507e-01	4.691312e-05
5.800000e-02	4.931507e-01	4.691312e-05
5.900000e-02	4.931507e-01	4.691312e-05
6.000000e-02	4.477612e-01	2.728893e-03
6.100000e-02	4.477612e-01	2.728893e-03
6.200000e-02	4.477612e-01	2.728893e-03
6.300000e-02	4.477612e-01	2.728893e-03
6.400000e-02	4.477612e-01	2.728893e-03
6.500000e-02	4.677419e-01	1.040583e-03
6.600000e-02	4.677419e-01	1.040583e-03
6.700000e-02	4.677419e-01	1.040583e-03
6.800000e-02	4.677419e-01	1.040583e-03
6.900000e-02	4.677419e-01	1.040583e-03
7.000000e-02	4.677419e-01	1.040583e-03
7.100000e-02	5.130435e-01	1.701323e-04
7.200000e-02	5.130435e-01	1.701323e-04
7.300000e-02	5.130435e-01	1.701323e-04
7.400000e-02	5.130435e-01	1.701323e-04
7.500000e-02	4.644195e-01	1.265974e-03
7.600000e-02	4.644195e-01	1.265974e-03
7.700000e-02	4.644195e-01	1.265974e-03
7.800000e-02	4.644195e-01	1.265974e-03
7.900000e-02	4.644195e-01	1.265974e-03
8.000000e-02	4.500000e-01	2.500000e-03
8.100000e-02	4.500000e-01	2.500000e-03
8.200000e-02	4.500000e-01	2.500000e-03
8.300000e-02	4.500000e-01	2.500000e-03
8.400000e-02	4.500000e-01	2.500000e-03
8.500000e-02	5.833333e-01	6.944444e-03
8.600000e-02	5.833333e-01	6.944444e-03
8.700000e-02	5.833333e-01	6.944444e-03
8.800000e-02	5.833333e-01	6.944444e-03
8.900000e-02	5.833333e-01	6.944444e-03
9.000000e-02	4.719101e-01	7.890418e-04
9.100000e-02	4.719101e-01	7.890418e-04
9.200000e-02	4.719101e-01	7.890418e-04
9.300000e-02	4.719101e-01	7.890418e-04
9.400000e-02	4.719101e-01	7.890418e-04
9.500000e-02	4.651163e-01	1.216874e-03
9.600000e-02	4.651163e-01	1.216874e-03
9.700000e-02	4.651163e-01	1.216874e-03
9.800000e-02	4.651163e-01	1.216874e-03
9.900000e-02	4.651163e-01	1.216874e-03
1.000000e-01	4.600000e-01	1.600000e-03
1.010000e-01	4.600000e-01	1.600000e-03
1.020000e-01	4.600000e-01	1.600000e-03
1.030000e-01	4.600000e-01	1.600000e-03
1.040000e-01	4.600000e-01	1.600000e-03
1.050000e-01	5.641026e-01	4.109139e-03
1.060000e-01	5.641026e-01	4.109139e-03
1.070000e-01	5.641026e-01	4.109139e-03
1.080000e-01	5.641026e-01	4.109139e-03
1.090000e-01	5.641026e-01	4.109139e-03
1.100000e-01	4.931507e-01	4.691312e-05
1.110000e-01	4.931507e-01	4.691312e-05
1.120000e-01	4.931507e-01	4.691312e-05
1.130000e-01	4.931507e-01	4.691312e-05
1.140000e-01	4.931507e-01	4.691312e-05
1.150000e-01	4.857143e-01	2.040816e-04
1.160000e-01	4.857143e-01	2.040816e-04
1.170000e-01	4.857143e-01	2.040816e-04
1.180000e-01	4.857143e-01	2.040816e-04
1.190000e-01	4.857143e-01	2.040816e-04
1.200000e-01	3.582090e-01	2.010470e-02
1.210000e-01	3.582090e-01	2.010470e-02
1.220000e-01	3.582090e-01	2.010470e-02
1.230000e-01	3.582090e-01	2.010470e-02
1.240000e-01	3.582090e-01	2.010470e-02
1.250000e-01	4.725000e-01	7.562500e-04
1.260000e-01	4.725000e-01	7.562500e-04
1.270000e-01	4.725000e-01	7.562500e-04
1.280000e-01	4.725000e-01	7.562500e-04
1.290000e-01	4.725000e-01	7.562500e-04
1.300000e-01	4.677419e-01	1.040583e-03
1.310000e-01	4.677419e-01	1.040583e-03
1.320000e-01	4.677419e-01	1.040583e-03
1.330000e-01	4.677419e-01	1.040583e-03
1.340000e-01	4.677419e-01	1.040583e-03
1.350000e-01	5.666667e-01	4.444444e-03
1.360000e-01	5.666667e-01	4.444444e-03
1.370000e-01	5.666667e-01	4.444444e-03
1.380000e-01	5.666667e-01	4.444444e-03
1.390000e-01	5.666667e-01	4.444444e-03
1.400000e-01	4.482759e-01	2.675386e-03
1.410000e-01	4.482759e-01	2.675386e-03
1.420000e-01	4.482759e-01	2.675386e-03
1.430000e-01	4.482759e-01	2.675386e-03
1.440000e-01	4.482759e-01	2.675386e-03
1.450000e-01	6.785714e-01	3.188776e-02
1.460000e-01	6.785714e-01	3.188776e-02
1.470000e-01	6.785714e-01	3.188776e-02
1.480000e-01	6.785714e-01	3.188776e-02
1.490000e-01	6.785714e-01	3.188776e-02
1.500000e-01	4.644195e-01	1.265974e-03
1.510000e-01	4.644195e-01	1.265974e-03
1.520000e-01	4.644195e-01	1.265974e-03
1.530000e-01	4.644195e-01	1.265974e-03
1.540000e-01	4.644195e-01	1.265974e-03
1.550000e-01	5.000000e-01	0.000000e+00
1.560000e-01	5.000000e-01	0.000000e+00
1.570000e-01	5.000000e-01	0.000000e+00
1.580000e-01	5.000000e-01	0.000000e+00
1.590000e-01	5.000000e-01	0.000000e+00
1.600000e-01	4.600000e-01	1.600000e-03
1.610000e-01	4.600000e-01	1.600000e-03
1.620000e-01	4.600000e-01	1.600000e-03
1.630000e-01	4.600000e-01	1.600000e-03
1.640000e-01	4.600000e-01	1.600000e-03
1.650000e-01	4.000000e-01	1.000000e-02
1.660000e-01	4.000000e-01	1.000000e-02
1.670000e-01	4.000000e-01	1.000000e-02
1.680000e-01	4.000000e-01	1.000000e-02
1.690000e-01	4.000000e-01	1.000000e-02
1.700000e-01	5.833333e-01	6.944444e-03
1.710000e-01	5.833333e-01	6.944444e-03
1.720000e-01	5.833333e-01	6.944444e-03
1.730000e-01	5.833333e-01	6.944444e-03
1.740000e-01	5.833333e-01	6.944444e-03
1.750000e-01	5.130435e-01	1.701323e-04
1.760000e-01	5.130435e-01	1.701323e-04
1.770000e-01	5.130435e-01	1.701323e-04
1.780000e-01	5.130435e-01	1.701323e-04
1.790000e-01	5.130435e-01	1.701323e-04
1.800000e-01	4.444444e-01	3.086420e-03
1.810000e-01	4.444444e-01	3.086420e-03
1.820000e-01	4.444444e-01	3.086420e-03
1.830000e-01	4.444444e-01	3.086420e-03
1.840000e-01	4.444444e-01	3.086420e-03
1.850000e-01	5.454545e-01	2.066116e-03
1.860000e-01	5.454545e-01	2.066116e-03
1.870000e-01	5.454545e-01	2.066116e-03
1.880000e-01	5.454545e-01	2.066116e-03
1.890000e-01	5.454545e-01	2.066116e-03
1.900000e-01	4.651163e-01	1.216874e-03
1.910000e-01	4.651163e-01	1.216874e-03
1.920000e-01	4.651163e-01	1.216874e-03
1.930000e-01	4.651163e-01	1.216874e-03
1.940000e-01	4.651163e-01	1.216874e-03
1.950000e-01	3.333333e-01	2.777778e-02
1.960000e-01	3.333333e-01	2.777778e-02
1.970000e-01	3.333333e-01	2.777778e-02
1.980000e-01	3.333333e-01	2.777778e-02
1.990000e-01	3.333333e-01	2.777778e-02
2.000000e-01	4.400000e-01	3.600000e-03
2.010000e-01	4.400000e-01	3.600000e-03
2.020000e-01	4.400000e-01	3.600000e-03
2.030000e-01	4.400000e-01	3.600000e-03
2.040000e-01	4.400000e-01	3.600000e-03
2.050000e-01	3.500000e-01	2.250000e-02
2.060000e-01	3.500000e-01	2.250000e-02
2.070000e-01	3.500000e-01	2.250000e-02
2.080000e-01	3.500000e-01	2.250000e-02
2.090000e-01	3.500000e-01	2.250000e-02
2.100000e-01	5.641026e-01	4.109139e-03
2.110000e-01	5.641026e-01	4.109139e-03
2.120000e-01	5.641026e-01	4.109139e-03
2.130000e-01	5.641026e-01	4.109139e-03
2.140000e-01	5.641026e-01	4.109139e-03
2.150000e-01	6.315789e-01	1.731302e-02
2.160000e-01	6.315789e-01	1.731302e-02
2.170000e-01	6.315789e-01	1.731302e-02
2.180000e-01	6.315789e-01	1.731302e-02
2.190000e-01	6.315789e-01	1.731302e-02
2.200000e-01	3.243243e-01	3.086194e-02
2.210000e-01	3.243243e-01	3.086194e-02
2.220000e-01	3.243243e-01	3.086194e-02
2.230000e-01	3.243243e-01	3.086194e-02
2.240000e-01	3.243243e-01	3.086194e-02
2.250000e-01	4.719101e-01	7.890418e-04
2.260000e-01	4.719101e-01	7.890418e-04
2.270000e-01	4.719101e-01	7.890418e-04
2.280000e-01	4.719101e-01	7.890418e-04
2.290000e-01	4.719101e-01	7.890418e-04
2.300000e-01	4.857143e-01	2.040816e-04
2.310000e-01	4.857143e-01	2.040816e-04
2.320000e-01	4.857143e-01	2.040816e-04
2.330000e-01	4.857143e-01	2.040816e-04
2.340000e-01	4.857143e-01	2.040816e-04
2.350000e-01	3.888889e-01	1.234568e-02
2.360000e-01	3.888889e-01	1.234568e-02
2.370000e-01	3.888889e-01	1.234568e-02
2.380000e-01	3.888889e-01	1.234568e-02
2.390000e-01	3.888889e-01	1.234568e-02
2.400000e-01	4.117647e-01	7.785467e-03
2.410000e-01	4.117647e-01	7.785467e-03
2.420000e-01	4.117647e-01	7.785467e-03
2.430000e-01	4.117647e-01	7.785467e-03
2.440000e-01	4.117647e-01	7.785467e-03
2.450000e-01	5.882353e-01	7.785467e-03
2.460000e-01	5.882353e-01	7.785467e-03
2.470000e-01	5.882353e-01	7.785467e-03
2.480000e-01	5.882353e-01	7.785467e-03
2.490000e-01	5.882353e-01	7.785467e-03
2.500000e-01	5.882353e-01	7.785467e-03
2.510000e-01	4.725000e-01	7.562500e-04
2.520000e-01	4.725000e-01	7.562500e-04
2.530000e-01	4.725000e-01	7.562500e-04
2.540000e-01	4.725000e-01	7.562500e-04
2.550000e-01	5.625000e-01	3.906250e-03
2.560000e-01	5.625000e-01	3.906250e-03
2.570000e-01	5.625000e-01	3.906250e-03
2.580000e-01	5.625000e-01	3.906250e-03
2.590000e-01	5.625000e-01	3.906250e-03
2.600000e-01	4.838710e-01	2.601457e-04
2.610000e-01	4.838710e-01	2.601457e-04
2.620000e-01	4.838710e-01	2.601457e-04
2.630000e-01	4.838710e-01	2.601457e-04
2.640000e-01	4.838710e-01	2.601457e-04
2.650000e-01	4.838710e-01	2.601457e-04
2.660000e-01	5.625000e-01	3.906250e-03
2.670000e-01	5.625000e-01	3.906250e-03
2.680000e-01	5.625000e-01	3.906250e-03
2.690000e-01	5.625000e-01	3.906250e-03
2.700000e-01	5.666667e-01	4.444444e-03
2.710000e-01	5.666667e-01	4.444444e-03
2.720000e-01	5.666667e-01	4.444444e-03
2.730000e-01	5.666667e-01	4.444444e-03
2.740000e-01	5.666667e-01	4.444444e-03
2.750000e-01	4.931507e-01	4.691312e-05
2.760000e-01	4.931507e-01	4.691312e-05
2.770000e-01	4.931507e-01	4.691312e-05
2.780000e-01	4.931507e-01	4.691312e-05
2.790000e-01	4.931507e-01	4.691312e-05
2.800000e-01	4.931507e-01	4.691312e-05
2.810000e-01	4.827586e-01	2.972652e-04
2.820000e-01	4.827586e-01	2.972652e-04
2.830000e-01	4.827586e-01	2.972652e-04
2.840000e-01	4.827586e-01	2.972652e-04
2.850000e-01	6.000000e-01	1.000000e-02
2.860000e-01	6.000000e-01	1.000000e-02
2.870000e-01	6.000000e-01	1.000000e-02
2.880000e-01	6.000000e-01	1.000000e-02
2.890000e-01	6.000000e-01	1.000000e-02
2.900000e-01	6.785714e-01	3.188776e-02
2.910000e-01	6.785714e-01	3.188776e-02
2.920000e-01	6.785714e-01	3.188776e-02
2.930000e-01	6.785714e-01	3.188776e-02
2.940000e-01	6.785714e-01	3.188776e-02
2.950000e-01	6.785714e-01	3.188776e-02
2.960000e-01	5.000000e-01	0.000000e+00
2.970000e-01	5.000000e-01	0.000000e+00
2.980000e-01	5.000000e-01	0.000000e+00
2.990000e-01	5.000000e-01	0.000000e+00
3.000000e-01	4.477612e-01	2.728893e-03
3.010000e-01	4.477612e-01	2.728893e-03
3.020000e-01	4.477612e-01	2.728893e-03
3.030000e-01	4.477612e-01	2.728893e-03
3.040000e-01	4.477612e-01	2.728893e-03
3.050000e-01	5.000000e-01	0.000000e+00
3.060000e-01	5.000000e-01	0.000000e+00
3.070000e-01	5.000000e-01	0.000000e+00
3.080000e-01	5.000000e-01	0.000000e+00
3.090000e-01	5.000000e-01	0.000000e+00
3.100000e-01	5.000000e-01	0.000000e+00
3.110000e-01	5.000000e-01	0.000000e+00
3.120000e-01	5.000000e-01	0.000000e+00
3.130000e-01	5.000000e-01	0.000000e+00
3.140000e-01	5.000000e-01	0.000000e+00
3.150000e-01	6.153846e-01	1.331361e-02
3.160000e-01	6.153846e-01	1.331361e-02
3.170000e-01	6.153846e-01	1.331361e-02
3.180000e-01	6.153846e-01	1.331361e-02
3.190000e-01	6.153846e-01	1.331361e-02
3.200000e-01	4.400000e-01	3.600000e-03
3.210000e-01	4.400000e-01	3.600000e-03
3.220000e-01	4.400000e-01	3.600000e-03
3.230000e-01	4.400000e-01	3.600000e-03
3.240000e-01	4.400000e-01	3.600000e-03
3.250000e-01	4.677419e-01	1.040583e-03
3.260000e-01	4.677419e-01	1.040583e-03
3.270000e-01	4.677419e-01	1.040583e-03
3.280000e-01	4.677419e-01	1.040583e-03
3.290000e-01	4.677419e-01	1.040583e-03
3.300000e-01	4.000000e-01	1.000000e-02
3.310000e-01	4.000000e-01	1.000000e-02
3.320000e-01	4.000000e-01	1.000000e-02
3.330000e-01	4.000000e-01	1.000000e-02
3.340000e-01	4.000000e-01	1.000000e-02
3.350000e-01	5.000000e-01	0.000000e+00
3.360000e-01	5.000000e-01	0.000000e+00
3.370000e-01	5.000000e-01	0.000000e+00
3.380000e-01	5.000000e-01	0.000000e+00
3.390000e-01	5.000000e-01	0.000000e+00
3.400000e-01	6.250000e-01	1.562500e-02
3.410000e-01	6.250000e-01	1.562500e-02
3.420000e-01	6.250000e-01	1.562500e-02
3.430000e-01	6.250000e-01	1.562500e-02
3.440000e-01	6.250000e-01	1.562500e-02
3.450000e-01	7.500000e-01	6.250000e-02
3.460000e-01	7.500000e-01	6.250000e-02
3.470000e-01	7.500000e-01	6.250000e-02
3.480000e-01	7.500000e-01	6.250000e-02
3.490000e-01	7.500000e-01	6.250000e-02
3.500000e-01	5.130435e-01	1.701323e-04
3.510000e-01	5.130435e-01	1.701323e-04
3.520000e-01	5.130435e-01	1.701323e-04
3.530000e-01	5.130435e-01	1.701323e-04
3.540000e-01	5.130435e-01	1.701323e-04
3.550000e-01	5.000000e-01	0.000000e+00
3.560000e-01	5.000000e-01	0.000000e+00
3.570000e-01	5.000000e-01	0.000000e+00
3.580000e-01	5.000000e-01	0.000000e+00
3.590000e-01	5.000000e-01	0.000000e+00
3.600000e-01	3.913043e-01	1.181474e-02
3.610000e-01	3.913043e-01	1.181474e-02
3.620000e-01	3.913043e-01	1.181474e-02
3.630000e-01	3.913043e-01	1.181474e-02
3.640000e-01	3.913043e-01	1.181474e-02
3.650000e-01	3.636364e-01	1.859504e-02
3.660000e-01	3.636364e-01	1.859504e-02
3.670000e-01	3.636364e-01	1.859504e-02
3.680000e-01	3.636364e-01	1.859504e-02
3.690000e-01	3.636364e-01	1.859504e-02
3.700000e-01	5.454545e-01	2.066116e-03
3.710000e-01	5.454545e-01	2.066116e-03
3.720000e-01	5.454545e-01	2.066116e-03
3.730000e-01	5.454545e-01	2.066116e-03
3.740000e-01	5.454545e-01	2.066116e-03
3.750000e-01	4.644195e-01	1.265974e-03
3.760000e-01	4.644195e-01	1.265974e-03
3.770000e-01	4.644195e-01	1.265974e-03
3.780000e-01	4.644195e-01	1.265974e-03
3.790000e-01	4.644195e-01	1.265974e-03
3.800000e-01	5.000000e-01	0.000000e+00
3.810000e-01	5.000000e-01	0.000000e+00
3.820000e-01	5.000000e-01	0.000000e+00
3.830000e-01	5.000000e-01	0.000000e+00
3.840000e-01	5.000000e-01	0.000000e+00
3.850000e-01	5.454545e-01	2.066116e-03
3.860000e-01	5.454545e-01	2.066116e-03
3.870000e-01	5.454545e-01	2.066116e-03
3.880000e-01	5.454545e-01	2.066116e-03
3.890000e-01	5.454545e-01	2.066116e-03
3.900000e-01	3.333333e-01	2.777778e-02
3.910000e-01	3.333333e-01	2.777778e-02
3.920000e-01	3.333333e-01	2.777778e-02
3.930000e-01	3.333333e-01	2.777778e-02
3.940000e-01	3.333333e-01	2.777778e-02
3.950000e-01	4.545455e-01	2.066116e-03
3.960000e-01	4.545455e-01	2.066116e-03
3.970000e-01	4.545455e-01	2.066116e-03
3.980000e-01	4.545455e-01	2.066116e-03
3.990000e-01	4.545455e-01	2.066116e-03
4.000000e-01	4.500000e-01	2.500000e-03
4.010000e-01	4.500000e-01	2.500000e-03
4.020000e-01	4.500000e-01	2.500000e-03
4.030000e-01	4.500000e-01	2.500000e-03
4.040000e-01	4.500000e-01	2.500000e-03
4.050000e-01	5.000000e-01	0.000000e+00
4.060000e-01	5.000000e-01	0.000000e+00
4.070000e-01	5.000000e-01	0.000000e+00
4.080000e-01	5.000000e-01	0.000000e+00
4.090000e-01	5.000000e-01	0.000000e+00
4.100000e-01	3.500000e-01	2.250000e-02
4.110000e-01	3.500000e-01	2.250000e-02
4.120000e-01	3.500000e-01	2.250000e-02
4.130000e-01	3.500000e-01	2.250000e-02
4.140000e-01	3.500000e-01	2.250000e-02
4.150000e-01	4.000000e-01	1.000000e-02
4.160000e-01	4.000000e-01	1.000000e-02
4.170000e-01	4.000000e-01	1.000000e-02
4.180000e-01	4.000000e-01	1.000000e-02
4.190000e-01	4.000000e-01	1.000000e-02
4.200000e-01	4.000000e-01	1.000000e-02
4.210000e-01	4.000000e-01	1.000000e-02
4.220000e-01	4.000000e-01	1.000000e-02
4.230000e-01	4.000000e-01	1.000000e-02
4.240000e-01	4.000000e-01	1.000000e-02
4.250000e-01	5.833333e-01	6.944444e-03
4.260000e-01	5.833333e-01	6.944444e-03
4.270000e-01	5.833333e-01	6.944444e-03
4.280000e-01	5.833333e-01	6.944444e-03
4.290000e-01	5.833333e-01	6.944444e-03
4.300000e-01	6.315789e-01	1.731302e-02
4.310000e-01	6.315789e-01	1.731302e-02
4.320000e-01	6.315789e-01	1.731302e-02
4.330000e-01	6.315789e-01	1.731302e-02
4.340000e-01	6.315789e-01	1.731302e-02
4.350000e-01	6.000000e-01	1.000000e-02
4.360000e-01	6.000000e-01	1.000000e-02
4.370000e-01	6.000000e-01	1.000000e-02
4.380000e-01	6.000000e-01	1.000000e-02
4.390000e-01	6.000000e-01	1.000000e-02
4.400000e-01	4.210526e-01	6.232687e-03
4.410000e-01	4.210526e-01	6.232687e-03
4.420000e-01	4.210526e-01	6.232687e-03
4.430000e-01	4.210526e-01	6.232687e-03
4.440000e-01	4.210526e-01	6.232687e-03
4.450000e-01	4.444444e-01	3.086420e-03
4.460000e-01	4.444444e-01	3.086420e-03
4.470000e-01	4.444444e-01	3.086420e-03
4.480000e-01	4.444444e-01	3.086420e-03
4.490000e-01	4.444444e-01	3.086420e-03
4.500000e-01	4.719101e-01	7.890418e-04
4.510000e-01	4.719101e-01	7.890418e-04
4.520000e-01	4.719101e-01	7.890418e-04
4.530000e-01	4.719101e-01	7.890418e-04
4.540000e-01	4.719101e-01	7.890418e-04
4.550000e-01	4.444444e-01	3.086420e-03
4.560000e-01	4.444444e-01	3.086420e-03
4.570000e-01	4.444444e-01	3.086420e-03
4.580000e-01	4.444444e-01	3.086420e-03
4.590000e-01	4.444444e-01	3.086420e-03
4.600000e-01	3.888889e-01	1.234568e-02
4.610000e-01	3.888889e-01	1.234568e-02
4.620000e-01	3.888889e-01	1.234568e-02
4.630000e-01	3.888889e-01	1.234568e-02
4.640000e-01	3.888889e-01	1.234568e-02
4.650000e-01	5.555556e-01	3.086420e-03
4.660000e-01	5.555556e-01	3.086420e-03
4.670000e-01	5.555556e-01	3.086420e-03
4.680000e-01	5.555556e-01	3.086420e-03
4.690000e-01	5.555556e-01	3.086420e-03
4.700000e-01	3.888889e-01	1.234568e-02
4.710000e-01	3.888889e-01	1.234568e-02
4.720000e-01	3.888889e-01	1.234568e-02
4.730000e-01	3.888889e-01	1.234568e-02
4.740000e-01	3.888889e-01	1.234568e-02
4.750000e-01	4.651163e-01	1.216874e-03
4.760000e-01	4.651163e-01	1.216874e-03
4.770000e-01	4.651163e-01	1.216874e-03
4.780000e-01	4.651163e-01	1.216874e-03
4.790000e-01	4.651163e-01	1.216874e-03
4.800000e-01	4.117647e-01	7.785467e-03
4.810000e-01	4.117647e-01	7.785467e-03
4.820000e-01	4.117647e-01	7.785467e-03
4.830000e-01	4.117647e-01	7.785467e-03
4.840000e-01	4.117647e-01	7.785467e-03
4.850000e-01	6.666667e-01	2.777778e-02
4.860000e-01	6.666667e-01	2.777778e-02
4.870000e-01	6.666667e-01	2.777778e-02
4.880000e-01	6.666667e-01	2.777778e-02
4.890000e-01	6.666667e-01	2.777778e-02
4.900000e-01	5.882353e-01	7.785467e-03
4.910000e-01	5.882353e-01	7.785467e-03
4.920000e-01	5.882353e-01	7.785467e-03
4.930000e-01	5.882353e-01	7.785467e-03
4.940000e-01	5.882353e-01	7.785467e-03
4.950000e-01	5.555556e-01	3.086420e-03
4.960000e-01	5.555556e-01	3.086420e-03
4.970000e-01	5.555556e-01	3.086420e-03
4.980000e-01	5.555556e-01	3.086420e-03
4.990000e-01	5.555556e-01	3.086420e-03
5.000000e-01	5.555556e-01	3.086420e-03
5.010000e-01	4.600000e-01	1.600000e-03
5.020000e-01	4.600000e-01	1.600000e-03
5.030000e-01	4.600000e-01	1.600000e-03
5.040000e-01	4.600000e-01	1.600000e-03
5.050000e-01	5.000000e-01	0.000000e+00
5.060000e-01	5.000000e-01	0.000000e+00
5.070000e-01	5.000000e-01	0.000000e+00
5.080000e-01	5.000000e-01	0.000000e+00
5.090000e-01	5.000000e-01	0.000000e+00
5.100000e-01	5.625000e-01	3.906250e-03
5.110000e-01	5.625000e-01	3.906250e-03
5.120000e-01	5.625000e-01	3.906250e-03
5.130000e-01	5.625000e-01	3.906250e-03
5.140000e-01	5.625000e-01	3.906250e-03
5.150000e-01	6.250000e-01	1.562500e-02
5.160000e-01	6.250000e-01	1.562500e-02
5.170000e-01	6.250000e-01	1.562500e-02
5.180000e-01	6.250000e-01	1.562500e-02
5.190000e-01	6.250000e-01	1.562500e-02
5.200000e-01	5.000000e-01	0.000000e+00
5.210000e-01	5.000000e-01	0.000000e+00
5.220000e-01	5.000000e-01	0.000000e+00
5.230000e-01	5.000000e-01	0.000000e+00
5.240000e-01	5.000000e-01	0.000000e+00
5.250000e-01	5.641026e-01	4.109139e-03
5.260000e-01	5.641026e-01	4.109139e-03
5.270000e-01	5.641026e-01	4.109139e-03
5.280000e-01	5.641026e-01	4.109139e-03
5.290000e-01	5.641026e-01	4.109139e-03
5.300000e-01	5.641026e-01	4.109139e-03
5.310000e-01	5.625000e-01	3.906250e-03
5.320000e-01	5.625000e-01	3.906250e-03
5.330000e-01	5.625000e-01	3.906250e-03
5.340000e-01	5.625000e-01	3.906250e-03
5.350000e-01	7.500000e-01	6.250000e-02
5.360000e-01	7.500000e-01	6.250000e-02
5.370000e-01	7.500000e-01	6.250000e-02
5.380000e-01	7.500000e-01	6.250000e-02
5.390000e-01	7.500000e-01	6.250000e-02
5.400000e-01	5.333333e-01	1.111111e-03
5.410000e-01	5.333333e-01	1.111111e-03
5.420000e-01	5.333333e-01	1.111111e-03
5.430000e-01	5.333333e-01	1.111111e-03
5.440000e-01	5.333333e-01	1.111111e-03
5.450000e-01	6.250000e-01	1.562500e-02
5.460000e-01	6.250000e-01	1.562500e-02
5.470000e-01	6.250000e-01	1.562500e-02
5.480000e-01	6.250000e-01	1.562500e-02
5.490000e-01	6.250000e-01	1.562500e-02
5.500000e-01	4.931507e-01	4.691312e-05
5.510000e-01	4.931507e-01	4.691312e-05
5.520000e-01	4.931507e-01	4.691312e-05
5.530000e-01	4.931507e-01	4.691312e-05
5.540000e-01	4.931507e-01	4.691312e-05
5.550000e-01	5.000000e-01	0.000000e+00
5.560000e-01	5.000000e-01	0.000000e+00
5.570000e-01	5.000000e-01	0.000000e+00
5.580000e-01	5.000000e-01	0.000000e+00
5.590000e-01	5.000000e-01	0.000000e+00
5.600000e-01	5.000000e-01	0.000000e+00
5.610000e-01	4.666667e-01	1.111111e-03
5.620000e-01	4.666667e-01	1.111111e-03
5.630000e-01	4.666667e-01	1.111111e-03
5.640000e-01	4.666667e-01	1.111111e-03
5.650000e-01	6.250000e-01	1.562500e-02
5.660000e-01	6.250000e-01	1.562500e-02
5.670000e-01	6.250000e-01	1.562500e-02
5.680000e-01	6.250000e-01	1.562500e-02
5.690000e-01	6.250000e-01	1.562500e-02
5.700000e-01	6.000000e-01	1.000000e-02
5.710000e-01	6.000000e-01	1.000000e-02
5.720000e-01	6.000000e-01	1.000000e-02
5.730000e-01	6.000000e-01	1.000000e-02
5.740000e-01	6.000000e-01	1.000000e-02
5.750000e-01	4.857143e-01	2.040816e-04
5.760000e-01	4.857143e-01	2.040816e-04
5.770000e-01	4.857143e-01	2.040816e-04
5.780000e-01	4.857143e-01	2.040816e-04
5.790000e-01	4.857143e-01	2.040816e-04
5.800000e-01	7.142857e-01	4.591837e-02
5.810000e-01	7.142857e-01	4.591837e-02
5.820000e-01	7.142857e-01	4.591837e-02
5.830000e-01	7.142857e-01	4.591837e-02
5.840000e-01	7.142857e-01	4.591837e-02
5.850000e-01	5.714286e-01	5.102041e-03
5.860000e-01	5.714286e-01	5.102041e-03
5.870000e-01	5.714286e-01	5.102041e-03
5.880000e-01	5.714286e-01	5.102041e-03
5.890000e-01	5.714286e-01	5.102041e-03
5.900000e-01	5.714286e-01	5.102041e-03
5.910000e-01	5.000000e-01	0.000000e+00
5.920000e-01	5.000000e-01	0.000000e+00
5.930000e-01	5.000000e-01	0.000000e+00
5.940000e-01	5.000000e-01	0.000000e+00
5.950000e-01	8.571429e-01	1.275510e-01
5.960000e-01	8.571429e-01	1.275510e-01
5.970000e-01	8.571429e-01	1.275510e-01
5.980000e-01	8.571429e-01	1.275510e-01
5.990000e-01	8.571429e-01	1.275510e-01
6.000000e-01	3.582090e-01	2.010470e-02
6.010000e-01	3.582090e-01	2.010470e-02
6.020000e-01	3.582090e-01	2.010470e-02
6.030000e-01	3.582090e-01	2.010470e-02
6.040000e-01	3.582090e-01	2.010470e-02
6.050000e-01	5.714286e-01	5.102041e-03
6.060000e-01	5.714286e-01	5.102041e-03
6.070000e-01	5.714286e-01	5.102041e-03
6.080000e-01	5.714286e-01	5.102041e-03
6.090000e-01	5.714286e-01	5.102041e-03
6.100000e-01	5.000000e-01	0.000000e+00
6.110000e-01	5.000000e-01	0.000000e+00
6.120000e-01	5.000000e-01	0.000000e+00
6.130000e-01	5.000000e-01	0.000000e+00
6.140000e-01	5.000000e-01	0.000000e+00
6.150000e-01	4.285714e-01	5.102041e-03
6.160000e-01	4.285714e-01	5.102041e-03
6.170000e-01	4.285714e-01	5.102041e-03
6.180000e-01	4.285714e-01	5.102041e-03
6.190000e-01	4.285714e-01	5.102041e-03
6.200000e-01	4.285714e-01	5.102041e-03
6.210000e-01	3.846154e-01	1.331361e-02
6.220000e-01	3.846154e-01	1.331361e-02
6.230000e-01	3.846154e-01	1.331361e-02
6.240000e-01	3.846154e-01	1.331361e-02
6.250000e-01	3.750000e-01	1.562500e-02
6.260000e-01	3.750000e-01	1.562500e-02
6.270000e-01	3.750000e-01	1.562500e-02
6.280000e-01	3.750000e-01	1.562500e-02
6.290000e-01	3.750000e-01	1.562500e-02
6.300000e-01	6.153846e-01	1.331361e-02
6.310000e-01	6.153846e-01	1.331361e-02
6.320000e-01	6.153846e-01	1.331361e-02
6.330000e-01	6.153846e-01	1.331361e-02
6.340000e-01	6.153846e-01	1.331361e-02
6.350000e-01	7.142857e-01	4.591837e-02
6.360000e-01	7.142857e-01	4.591837e-02
6.370000e-01	7.142857e-01	4.591837e-02
6.380000e-01	7.142857e-01	4.591837e-02
6.390000e-01	7.142857e-01	4.591837e-02
6.400000e-01	4.615385e-01	1.479290e-03
6.410000e-01	4.615385e-01	1.479290e-03
6.420000e-01	4.615385e-01	1.479290e-03
6.430000e-01	4.615385e-01	1.479290e-03
6.440000e-01	4.615385e-01	1.479290e-03
6.450000e-01	5.714286e-01	5.102041e-03
6.460000e-01	5.714286e-01	5.102041e-03
6.470000e-01	5.714286e-01	5.102041e-03
6.480000e-01	5.714286e-01	5.102041e-03
6.490000e-01	5.714286e-01	5.102041e-03
6.500000e-01	4.677419e-01	1.040583e-03
6.510000e-01	4.677419e-01	1.040583e-03
6.520000e-01	4.677419e-01	1.040583e-03
6.530000e-01	4.677419e-01	1.040583e-03
6.540000e-01	4.677419e-01	1.040583e-03
6.550000e-01	5.714286e-01	5.102041e-03
6.560000e-01	5.714286e-01	5.102041e-03
6.570000e-01	5.714286e-01	5.102041e-03
6.580000e-01	5.714286e-01	5.102041e-03
6.590000e-01	5.714286e-01	5.102041e-03
6.600000e-01	1.538462e-01	1.198225e-01
6.610000e-01	1.538462e-01	1.198225e-01
6.620000e-01	1.538462e-01	1.198225e-01
6.630000e-01	1.538462e-01	1.198225e-01
6.640000e-01	1.538462e-01	1.198225e-01
6.650000e-01	7.142857e-01	4.591837e-02
6.660000e-01	7.142857e-01	4.591837e-02
6.670000e-01	7.142857e-01	4.591837e-02
6.680000e-01	7.142857e-01	4.591837e-02
6.690000e-01	7.142857e-01	4.591837e-02
6.700000e-01	5.000000e-01	0.000000e+00
6.710000e-01	5.000000e-01	0.000000e+00
6.720000e-01	5.000000e-01	0.000000e+00
6.730000e-01	5.000000e-01	0.000000e+00
6.740000e-01	5.000000e-01	0.000000e+00
6.750000e-01	5.666667e-01	4.444444e-03
6.760000e-01	5.666667e-01	4.444444e-03
6.770000e-01	5.666667e-01	4.444444e-03
6.780000e-01	5.666667e-01	4.444444e-03
6.790000e-01	5.666667e-01	4.444444e-03
6.800000e-01	6.666667e-01	2.777778e-02
6.810000e-01	6.666667e-01	2.777778e-02
6.820000e-01	6.666667e-01	2.777778e-02
6.830000e-01	6.666667e-01	2.777778e-02
6.840000e-01	6.666667e-01	2.777778e-02
6.850000e-01	5.000000e-01	0.000000e+00
6.860000e-01	5.000000e-01	0.000000e+00
6.870000e-01	5.000000e-01	0.000000e+00
6.880000e-01	5.000000e-01	0.000000e+00
6.890000e-01	5.000000e-01	0.000000e+00
6.900000e-01	7.500000e-01	6.250000e-02
6.910000e-01	7.500000e-01	6.250000e-02
6.920000e-01	7.500000e-01	6.250000e-02
6.930000e-01	7.500000e-01	6.250000e-02
6.940000e-01	7.500000e-01	6.250000e-02
6.950000e-01	3.333333e-01	2.777778e-02
6.960000e-01	3.333333e-01	2.777778e-02
6.970000e-01	3.333333e-01	2.777778e-02
6.980000e-01	3.333333e-01	2.777778e-02
6.990000e-01	3.333333e-01	2.777778e-02
7.000000e-01	4.482759e-01	2.675386e-03
7.010000e-01	4.482759e-01	2.675386e-03
7.020000e-01	4.482759e-01	2.675386e-03
7.030000e-01	4.482759e-01	2.675386e-03
7.040000e-01	4.482759e-01	2.675386e-03
7.050000e-01	6.666667e-01	2.777778e-02
7.060000e-01	6.666667e-01	2.777778e-02
7.070000e-01	6.666667e-01	2.777778e-02
7.080000e-01	6.666667e-01	2.777778e-02
7.090000e-01	6.666667e-01	2.777778e-02
7.100000e-01	5.000000e-01	0.000000e+00
7.110000e-01	5.000000e-01	0.000000e+00
7.120000e-01	5.000000e-01	0.000000e+00
7.130000e-01	5.000000e-01	0.000000e+00
7.140000e-01	5.000000e-01	0.000000e+00
7.150000e-01	6.666667e-01	2.777778e-02
7.160000e-01	6.666667e-01	2.777778e-02
7.170000e-01	6.666667e-01	2.777778e-02
7.180000e-01	6.666667e-01	2.777778e-02
7.190000e-01	6.666667e-01	2.777778e-02
7.200000e-01	4.166667e-01	6.944444e-03
7.210000e-01	4.166667e-01	6.944444e-03
7.220000e-01	4.166667e-01	6.944444e-03
7.230000e-01	4.166667e-01	6.944444e-03
7.240000e-01	4.166667e-01	6.944444e-03
7.250000e-01	6.785714e-01	3.188776e-02
7.260000e-01	6.785714e-01	3.188776e-02
7.270000e-01	6.785714e-01	3.188776e-02
7.280000e-01	6.785714e-01	3.188776e-02
7.290000e-01	6.785714e-01	3.188776e-02
7.300000e-01	3.636364e-01	1.859504e-02
7.310000e-01	3.636364e-01	1.859504e-02
7.320000e-01	3.636364e-01	1.859504e-02
7.330000e-01	3.636364e-01	1.859504e-02
7.340000e-01	3.636364e-01	1.859504e-02
7.350000e-01	6.666667e-01	2.777778e-02
7.360000e-01	6.666667e-01	2.777778e-02
7.370000e-01	6.666667e-01	2.777778e-02
7.380000e-01	6.666667e-01	2.777778e-02
7.390000e-01	6.666667e-01	2.777778e-02
7.400000e-01	5.454545e-01	2.066116e-03
7.410000e-01	5.454545e-01	2.066116e-03
7.420000e-01	5.454545e-01	2.066116e-03
7.430000e-01	5.454545e-01	2.066116e-03
7.440000e-01	5.454545e-01	2.066116e-03
7.450000e-01	1.666667e-01	1.111111e-01
7.460000e-01	1.666667e-01	1.111111e-01
7.470000e-01	1.666667e-01	1.111111e-01
7.480000e-01	1.666667e-01	1.111111e-01
7.490000e-01	1.666667e-01	1.111111e-01
7.500000e-01	4.644195e-01	1.265974e-03
7.510000e-01	4.644195e-01	1.265974e-03
7.520000e-01	4.644195e-01	1.265974e-03
7.530000e-01	4.644195e-01	1.265974e-03
7.540000e-01	4.644195e-01	1.265974e-03
